A4	75782	0.0	0.06677583040384924	0.06634512839210158	0.06640193814631537	0.06604368328320337	0.06517762930000001
A3-A3t-A3ae-A3ac	76680	0.06677583040384924	0.0	0.0004761074490001999	0.0029304408619732717	0.0027961520653569283	0.0022774823253049387
A3-A3t-A3af-A3ae	75883	0.06634512839210158	0.0004761074490001999	0.0	0.003025972954424781	0.00241684930089982	0.001801882174845031
A3-A3ac-A3ak	75885	0.06640193814631537	0.0029304408619732717	0.003025972954424781	0.0	0.003199164668550921	0.001225537923407659
A3-A3t-A3al	75886	0.06604368328320337	0.0027961520653569283	0.00241684930089982	0.003199164668550921	0.0	0.001975575678264347
A3	75825	0.06517762930000001	0.0022774823253049387	0.001801882174845031	0.001225537923407659	0.001975575678264347	0.0
