8
907383     0.0000000 0.0043605 0.0000010 0.0043796 0.0043796 0.0634820 0.0000010 0.0087465 
364589     0.0043605 0.0000000 0.0043415 0.0087465 0.0087465 0.0679197 0.0043605 0.0131008 
22385      0.0000010 0.0043415 0.0000000 0.0043605 0.0043605 0.0631953 0.0000010 0.0087084 
35445      0.0043796 0.0087465 0.0043605 0.0000000 0.0087849 0.0634820 0.0043796 0.0131582 
364534     0.0043796 0.0087465 0.0043605 0.0087849 0.0000000 0.0682288 0.0043796 0.0131582 
29206      0.0634820 0.0679197 0.0631953 0.0634820 0.0682288 0.0000000 0.0634820 0.0726741 
483064     0.0000010 0.0043605 0.0000010 0.0043796 0.0043796 0.0634820 0.0000000 0.0087465 
903836     0.0087465 0.0131008 0.0087084 0.0131582 0.0131582 0.0726741 0.0087465 0.0000000 
