ITS001	109445	0	0.040253908687411195	0.3648928960929587	0.2235030183945294	0.2402325135750142	0.2658680938699913	0.4338732780330669	0.44912462797148883	0.31392027922327936	0.0720716007347138	0.162637241172328	0.4859107080674501	0.48900870147853476	0.5282166379154045	0.3626171736273013	0.381495379400234	0.4286029056621397	0.2579181843366699	0.41379560693126594	0.34303710163202605	0.5245860874782959	0.23767813158305234	0.2689329663586549	0.2224401973304349	0.5095560734379835	0.5126029648963724
ITS002	109446	0.040253908687411195	0	0.32465991805674427	0.18482784337800667	0.20726586515864456	0.2324836058941326	0.4354310810527586	0.45068243099118044	0.2752451042067566	0.038978480614402504	0.14110146661838865	0.4874475804359452	0.49054557384702974	0.5297535102838994	0.3711159539389502	0.3899941597118829	0.39698773307059976	0.22005279210099507	0.42227345659171805	0.3515149512924784	0.526122959846791	0.239235934602744	0.2704907693783465	0.2239770696989299	0.5110929458064785	0.5141607679160641
ITS003	109447	0.3648928960929587	0.32465991805674427	0	0.21429915347960207	0.3359563699499716	0.2798590246124921	0.44323748869602525	0.43253319492676556	0.3022673362545962	0.3051066172390834	0.34754970800413865	0.5000656259805781	0.503163619391663	0.5423715558285322	0.4572543792439339	0.4572543792439339	0.1980965529181225	0.2938479839027626	0.37739117975743797	0.4192132736851404	0.5431664339591865	0.3648928960929588	0.37912463744019564	0.3293049019961714	0.5237109913511115	0.541905567781121
ITS004	109448	0.2235030183945294	0.18482784337800667	0.21429915347960207	0	0.2661670300020434	0.2918019715778085	0.4286623376090046	0.44391368754742644	0.2324634587099874	0.16507566193639983	0.2084230801066571	0.4847465858056105	0.487844579216695	0.5270525156535647	0.39060740086754286	0.4085806531202682	0.3969877330705998	0.22394732747875895	0.44334253657256906	0.37258403127332906	0.5234219652164562	0.2440400439417978	0.3445586543372322	0.22656480943926172	0.5083919511761438	0.5114838663508734
ITS005	109449	0.2402325135750142	0.20726586515864456	0.3359563699499716	0.2661670300020434	0	0.06307614339199089	0.285127196886495	0.30211070063149936	0.25884099644546216	0.2072791888758139	0.2678529996785391	0.4484765979627041	0.41982113765225043	0.48752275524729694	0.38612884105654266	0.3417847814921418	0.30567251946472496	0.24270279971176836	0.4334855263804503	0.3627270210812104	0.5223273903777905	0.2997621032642118	0.2621897317574702	0.19109279510357507	0.47356522658684674	0.4845499145626047
ITS006	109450	0.2658680938699913	0.2324836058941326	0.2798590246124921	0.2918019715778085	0.06307614339199089	0	0.2904517450371601	0.3119229782653765	0.2679057253458104	0.23269581023524774	0.2871538590858158	0.45583605402642635	0.42718059371597283	0.4953266881726158	0.4045578860511788	0.3799609028675679	0.2740567106705659	0.2679021869740519	0.41333627281448937	0.3729992369433905	0.5276519385284556	0.3244345322181661	0.2659346200376735	0.21879527326291082	0.5115634320175494	0.5177327302501571
ITS007	109451	0.4338732780330669	0.4354310810527586	0.44323748869602525	0.4286623376090046	0.285127196886495	0.2904517450371601	0	0.06257469846996278	0.28488265168382537	0.43523220042881267	0.4469779887820174	0.4181288257168395	0.41632561029920423	0.46646868564214666	0.4591558993382597	0.4323725962761924	0.3165525596173172	0.3111706413614523	0.45915589933825984	0.42111479377946637	0.5028766250788023	0.34879768854828647	0.4055332096151226	0.355204691262264	0.4931985100019074	0.5063278441278751
ITS008	109452	0.44912462797148883	0.45068243099118044	0.43253319492676556	0.44391368754742644	0.30211070063149936	0.3119229782653765	0.06257469846996278	0	0.30164837254641746	0.4504835503672346	0.4598826748543953	0.43488286737906173	0.4347541410873451	0.4708426740186439	0.4762343092050689	0.4139243709784276	0.3051264103451198	0.3307564185784696	0.4500832893213006	0.43819320364627545	0.5075749816598866	0.364244414662795	0.4186332718635873	0.31120906561380773	0.4770689513976575	0.4846988760553777
ITS009	109453	0.31392027922327936	0.2752451042067566	0.3022673362545962	0.2324634587099874	0.25884099644546216	0.2679057253458104	0.28488265168382537	0.30164837254641746	0	0.2554929227651498	0.2988403409354071	0.4236415970672668	0.45657740532214514	0.4808301025473119	0.4111224870535873	0.4135356842434067	0.2884153926512209	0.16216493321835954	0.4482975676957076	0.3775390623964678	0.5239944219049903	0.2291453685089656	0.3472471650153798	0.3080316258493919	0.5089644078646778	0.5151887278356528
ITS010	109454	0.0720716007347138	0.038978480614402504	0.3051066172390834	0.16507566193639983	0.2072791888758139	0.23269581023524774	0.43523220042881267	0.4504835503672346	0.2554929227651498	0	0.1584086380217807	0.48746090415311444	0.4905588975641991	0.5297668340010687	0.35169077414220856	0.3705689799151414	0.3969877330705998	0.22009178300645485	0.4030604811360917	0.3323019758368519	0.5261362835639602	0.23903705397879815	0.2747656142350559	0.22399039341609914	0.5111062695236478	0.5139618872921182
ITS011	109455	0.162637241172328	0.14110146661838865	0.34754970800413865	0.2084230801066571	0.2678529996785391	0.2871538590858158	0.4469779887820174	0.4598826748543953	0.2988403409354071	0.1584086380217807	0	0.5257812552814607	0.5288792486925452	0.5680871851294148	0.43013164643242363	0.4157264002943258	0.42599396612317236	0.25838646694651063	0.48129261313938104	0.41053410784014116	0.5644566346923063	0.27756614539407004	0.35401517315682723	0.22184674274230798	0.5494266206519939	0.5534982276769149
ITS012	109456	0.4859107080674501	0.4874475804359452	0.5000656259805781	0.4847465858056105	0.4484765979627041	0.45583605402642635	0.4181288257168395	0.43488286737906173	0.4236415970672668	0.48746090415311444	0.5257812552814607	0	0.04184411941373662	0.1546682191793789	0.38248333129582085	0.38894263415950536	0.4842299417305103	0.44487717190446674	0.4383380368444048	0.44139428078879117	0.22185178475477046	0.48602569257144707	0.48914464996174284	0.44627794186996755	0.17954879977940608	0.343937082363822
ITS013	109457	0.48900870147853476	0.49054557384702974	0.503163619391663	0.487844579216695	0.41982113765225043	0.42718059371597283	0.41632561029920423	0.4347541410873451	0.45657740532214514	0.4905588975641991	0.5288792486925452	0.04184411941373662	0	0.1517149403355646	0.3855813247069054	0.39204062757059005	0.4834124274672208	0.448217547353057	0.43810002342729604	0.4444922741998758	0.21735116645828592	0.48912368598253153	0.49224264337282747	0.4493759352810522	0.18122667285846597	0.3394040859517959
ITS014	109458	0.5282166379154045	0.5297535102838994	0.5423715558285322	0.5270525156535647	0.48752275524729694	0.4953266881726158	0.46646868564214666	0.4708426740186439	0.4808301025473119	0.5297668340010687	0.5680871851294148	0.1546682191793789	0.1517149403355646	0	0.4247892611437752	0.4312485640074596	0.521482356616082	0.4724702445782239	0.4773079598641657	0.4837002106367454	0.24688829656473377	0.5283316224194011	0.5314505798096971	0.49199695718110587	0.24412707043609908	0.3462609733344362
ITS015	109459	0.3626171736273013	0.3711159539389502	0.4572543792439339	0.39060740086754286	0.38612884105654266	0.4045578860511788	0.4591558993382597	0.4762343092050689	0.4111224870535873	0.35169077414220856	0.43013164643242363	0.38248333129582085	0.3855813247069054	0.4247892611437752	0	0.06674070893026614	0.5092317605508898	0.4115439970623007	0.18470573857844608	0.1461823764138475	0.4211587107066666	0.3889527816236433	0.4226883961409706	0.3674490274713533	0.4061286966663542	0.40761888572368166
ITS016	109460	0.381495379400234	0.3899941597118829	0.4572543792439339	0.4085806531202682	0.3417847814921418	0.3799609028675679	0.4323725962761924	0.4139243709784276	0.4135356842434067	0.3705689799151414	0.4157264002943258	0.38894263415950536	0.39204062757059005	0.4312485640074596	0.06674070893026614	0	0.47935108582351976	0.4304222028352333	0.19426566849279042	0.15574230632819183	0.4276180135703513	0.4069260338763685	0.3945066520979069	0.3195865243140199	0.38152561203083335	0.3866505342374903
ITS017	109461	0.4286029056621397	0.39698773307059976	0.1980965529181225	0.3969877330705998	0.30567251946472496	0.2740567106705659	0.3165525596173172	0.3051264103451198	0.2884153926512209	0.3969877330705998	0.42599396612317236	0.4842299417305103	0.4834124274672208	0.521482356616082	0.5092317605508898	0.47935108582351976	0	0.23298908899289664	0.4074027279904253	0.47119065499209645	0.5714604740579848	0.34820303892353216	0.43110201874715137	0.36313423683798224	0.5018520916415625	0.5436769070502507
ITS018	109462	0.2579181843366699	0.22005279210099507	0.2938479839027626	0.22394732747875895	0.24270279971176836	0.2679021869740519	0.3111706413614523	0.3307564185784696	0.16216493321835954	0.22009178300645485	0.25838646694651063	0.44487717190446674	0.448217547353057	0.4724702445782239	0.4115439970623007	0.4304222028352333	0.23298908899289664	0	0.4225354425099522	0.38563894309579705	0.5259403044111431	0.19603074288047798	0.35196051561521047	0.2475820712102399	0.5028426723219018	0.5349105783067922
ITS019	109463	0.41379560693126594	0.42227345659171805	0.37739117975743797	0.44334253657256906	0.4334855263804503	0.41333627281448937	0.45915589933825984	0.4500832893213006	0.4482975676957076	0.4030604811360917	0.48129261313938104	0.4383380368444048	0.43810002342729604	0.4773079598641657	0.18470573857844608	0.19426566849279042	0.4074027279904253	0.4225354425099522	0	0.11468335854258524	0.48037493498911343	0.44168791732866947	0.46255198746123816	0.37578762140115296	0.45864739538674487	0.46912016000359646
ITS020	109464	0.34303710163202605	0.3515149512924784	0.4192132736851404	0.37258403127332906	0.3627270210812104	0.3729992369433905	0.42111479377946637	0.43819320364627545	0.3775390623964678	0.3323019758368519	0.41053410784014116	0.44139428078879117	0.4444922741998758	0.4837002106367454	0.1461823764138475	0.15574230632819183	0.47119065499209645	0.38563894309579705	0.11468335854258524	0	0.4856662945744591	0.37092941202942964	0.3917934821619982	0.3415439735048497	0.4650396461593245	0.4744115195889419
ITS021	109465	0.5245860874782959	0.526122959846791	0.5431664339591865	0.5234219652164562	0.5223273903777905	0.5276519385284556	0.5028766250788023	0.5075749816598866	0.5239944219049903	0.5261362835639602	0.5644566346923063	0.22185178475477046	0.21735116645828592	0.24688829656473377	0.4211587107066666	0.4276180135703513	0.5714604740579848	0.5259403044111431	0.48037493498911343	0.4856662945744591	0	0.5247010719822927	0.5278200293725888	0.5018208259582807	0.26793615828710005	0.25228834915249365
ITS022	109466	0.23767813158305234	0.239235934602744	0.3648928960929588	0.2440400439417978	0.2997621032642118	0.3244345322181661	0.34879768854828647	0.364244414662795	0.2291453685089656	0.23903705397879815	0.27756614539407004	0.48602569257144707	0.48912368598253153	0.5283316224194011	0.3889527816236433	0.4069260338763685	0.34820303892353216	0.19603074288047798	0.44168791732866947	0.37092941202942964	0.5247010719822927	0	0.34455865433723226	0.23891369597567336	0.5096710579419803	0.5078039686199337
ITS023	109467	0.2689329663586549	0.2704907693783465	0.37912463744019564	0.3445586543372322	0.2621897317574702	0.2659346200376735	0.4055332096151226	0.4186332718635873	0.3472471650153798	0.2747656142350559	0.35401517315682723	0.48914464996174284	0.49224264337282747	0.5314505798096971	0.4226883961409706	0.3945066520979069	0.43110201874715137	0.35196051561521047	0.46255198746123816	0.3917934821619982	0.5278200293725888	0.34455865433723226	0	0.3101296828671511	0.5127900153322761	0.5275087170288137
ITS024	109468	0.2224401973304349	0.2239770696989299	0.3293049019961714	0.22656480943926172	0.19109279510357507	0.21879527326291082	0.355204691262264	0.31120906561380773	0.3080316258493919	0.22399039341609914	0.22184674274230798	0.44627794186996755	0.4493759352810522	0.49199695718110587	0.3674490274713533	0.3195865243140199	0.36313423683798224	0.2475820712102399	0.37578762140115296	0.3415439735048497	0.5018208259582807	0.23891369597567336	0.3101296828671511	0	0.44835878131505125	0.4642929078861764
ITS_016	109469	0.5095560734379835	0.5110929458064785	0.5237109913511115	0.5083919511761438	0.47356522658684674	0.5115634320175494	0.4931985100019074	0.4770689513976575	0.5089644078646778	0.5111062695236478	0.5494266206519939	0.17954879977940608	0.18122667285846597	0.24412707043609908	0.4061286966663542	0.38152561203083335	0.5018520916415625	0.5028426723219018	0.45864739538674487	0.4650396461593245	0.26793615828710005	0.5096710579419803	0.5127900153322761	0.44835878131505125	0	0.3103036340600881
ITS_025	109470	0.5126029648963724	0.5141607679160641	0.541905567781121	0.5114838663508734	0.4845499145626047	0.5177327302501571	0.5063278441278751	0.4846988760553777	0.5151887278356528	0.5139618872921182	0.5534982276769149	0.343937082363822	0.3394040859517959	0.3462609733344362	0.40761888572368166	0.3866505342374903	0.5436769070502507	0.5349105783067922	0.46912016000359646	0.4744115195889419	0.25228834915249365	0.5078039686199337	0.5275087170288137	0.4642929078861764	0.3103036340600881	0
