ITS001	109445	0.0	5.0255524094102615e-05	0.000493477674554856	0.0003314186755383717	0.0004627044357447823	0.00047181928955244767	0.0009521365217384473	0.0009820019921198812	0.00035320111827733057	0.0003271183488042542	0.0004570804798340249	0.0016403200565967046	0.0016301610939715458	0.006100749647525384	0.0026112605423286505	0.002422495832923563	0.0008028200372079859	0.0005563820150760405	0.0031278894095157104	0.0026350713323140132	0.0015816182694667568	0.0004619585359963589	0.0005089377886661165	0.0004830478011966733	0.0016928601702396796	0.0021364531785713087
ITS002	109446	5.0255524094102615e-05	0.0	0.0004601823340873072	0.0003051555696308893	0.00048162089800750894	0.0004907357518151743	0.0009414771844045496	0.0009713426547859835	0.0003465820425027508	0.0003220476484245274	0.00042164774975821014	0.0016296600916290275	0.0016195011290038688	0.0060900896825577065	0.002630196610473142	0.0024414319010680544	0.0007765529015658782	0.0005301177373427155	0.003146825477660201	0.002654007400458505	0.0015947260277602371	0.00043982875281107603	0.0004983523920632079	0.00046076802945883773	0.0016822002052720025	0.0021495609368647893
ITS003	109447	0.000493477674554856	0.0004601823340873072	0.0	0.00020290522024157137	0.0008479113525067547	0.0007888553781947363	0.0011216910615206702	0.001128479056205635	0.0006370669472481041	0.0007654359843142747	0.0005039920056761735	0.0017502513934652053	0.0017400984421308873	0.006210704205769688	0.0028890219328222347	0.002700257223417147	0.0005275913581179921	0.0005764916266273126	0.0032578815664758816	0.0029128127128025955	0.0018549831657227464	0.0006623928857476593	0.0008108258568384161	0.0006232226548260776	0.001802803921600622	0.0024098498734745457
ITS004	109448	0.0003314186755383717	0.0003051555696308893	0.00020290522024157137	0.0	0.0006580975653029503	0.0006762953560393536	0.0009319631949274723	0.0009782434392981364	0.0004815906528458537	0.0006097531509352806	0.00034664517924157235	0.001558603662697034	0.0015484717136992777	0.006019060267253116	0.002699405483755127	0.0025106407743500387	0.0006627172260629591	0.00041630697488738617	0.0032160231464603934	0.002723216273740489	0.0016828360618704702	0.0005100090557836166	0.0006205773086677781	0.0005084981709012704	0.00161111928183321	0.002237788406205591
ITS005	109449	0.0004627044357447823	0.00048162089800750894	0.0008479113525067547	0.0006580975653029503	0.0	0.00011512760351245881	0.0007280126604461117	0.000721668699077605	0.0006646945428944214	0.0004738106781084731	0.000744505263311035	0.0015944466304357997	0.0014904693527357845	0.006090170086584769	0.002473027981222826	0.0021677316365705393	0.0008960901007982565	0.0007166973836296692	0.0029600924255104113	0.0024672785476873155	0.0016120419245937603	0.0007892109936734223	0.0007318169747444763	0.0005671142915823343	0.0016100885015476255	0.0020143363328744947
ITS006	109450	0.00047181928955244767	0.0004907357518151743	0.0007888553781947363	0.0006762953560393536	0.00011512760351245881	0.0	0.0007593633752597162	0.0007874276358131197	0.0006828151008750079	0.0004532128003440378	0.0007676578081900943	0.0016356278010443853	0.0015316551323336842	0.006131349053330002	0.0024845193035184327	0.0022514092690432705	0.0009142039405761009	0.0007464176262895312	0.0029346223486097014	0.0024804114424836726	0.0016466044494711741	0.0008172736631320434	0.0007466443179347095	0.0006230380414484039	0.0017234746009292736	0.002091389910747165
ITS007	109451	0.0009521365217384473	0.0009414771844045496	0.0011216910615206702	0.0009319631949274723	0.0007280126604461117	0.0007593633752597162	0.0	0.0001679881742899394	0.0009428342602073836	0.0010484098303747363	0.001020836056465975	0.0013831976397100975	0.0013171143598916413	0.005916798472100194	0.0025587187167557565	0.0023272333634295414	0.0011364211041324775	0.0008898528826029942	0.003052311354995109	0.002559567944410694	0.0016967301345218195	0.0009507180354282756	0.0010327309213542413	0.000787493192039016	0.00150891863807071	0.00226894365755108
ITS008	109452	0.0009820019921198812	0.0009713426547859835	0.001128479056205635	0.0009782434392981364	0.000721668699077605	0.0007874276358131197	0.0001679881742899394	0.0	0.0009726687657182144	0.0010782557172382902	0.0010597511269944278	0.0014303698726443829	0.0013642709878251076	0.005963974713843288	0.002595924255851912	0.002280788815129987	0.0010971990628199538	0.0009295783081858202	0.0030435371748463677	0.0025902146702667566	0.0017208592729636115	0.000980513782371454	0.0010690656093812721	0.0006400891190775869	0.0014502274739809856	0.0021978555646147454
ITS009	109453	0.00035320111827733057	0.0003465820425027508	0.0006370669472481041	0.0004815906528458537	0.0006646945428944214	0.0006828151008750079	0.0009428342602073836	0.0009726687657182144	0.0	0.0005167510275482644	0.0005314904976315415	0.001695154351339078	0.001722876976186943	0.0061934560935568	0.002706409879323797	0.0025168247017520635	0.0009476766368763209	0.000695718748018241	0.003222203079148663	0.0027294116102891527	0.0016361367808956275	0.0005351116083892612	0.0007817631026797894	0.0005663289556867062	0.0017855696394055995	0.002191025109427709
ITS010	109454	0.0003271183488042542	0.0003220476484245274	0.0007654359843142747	0.0006097531509352806	0.0004738106781084731	0.0004532128003440378	0.0010484098303747363	0.0010782557172382902	0.0005167510275482644	0.0	0.0007238709522716555	0.0017365117061833937	0.001726352743558235	0.006196941297112073	0.002350980465859758	0.00216221575645467	0.001079492975626141	0.0008330840036116998	0.0028676093330468177	0.002374791255845121	0.0016172169030671325	0.0007277397701297513	0.0007782051361164238	0.0007035581199759929	0.001789051819826369	0.0018686819898906973
ITS011	109455	0.0004570804798340249	0.00042164774975821014	0.0005039920056761735	0.00034664517924157235	0.000744505263311035	0.0007676578081900943	0.001020836056465975	0.0010597511269944278	0.0005314904976315415	0.0007238709522716555	0.0	0.0015311080054565746	0.0015209490428314157	0.005991537596385254	0.0028268318639616103	0.002597842846671792	0.0004944344765619281	0.0002684785113682151	0.00334346073114867	0.0028506426539469734	0.0017458083942671334	0.0005061817943171586	0.000729969327743872	0.000548707758162227	0.0015836385142971483	0.002300635899669835
ITS012	109456	0.0016403200565967046	0.0016296600916290275	0.0017502513934652053	0.001558603662697034	0.0015944466304357997	0.0016356278010443853	0.0013831976397100975	0.0014303698726443829	0.001695154351339078	0.0017365117061833937	0.0015311080054565746	0.0	0.00012289374238533347	0.004859444247470987	0.0020777575937210037	0.0018849139272863716	0.0015469336448168899	0.00129744898506042	0.002541110711315346	0.00212083086291556	0.0011305365419318919	0.001639057930937634	0.0017127083979101957	0.0014889191314278894	0.0004457470663108439	0.001921340589520972
ITS013	109457	0.0016301610939715458	0.0016195011290038688	0.0017400984421308873	0.0015484717136992777	0.0014904693527357845	0.0015316551323336842	0.0013171143598916413	0.0013642709878251076	0.001722876976186943	0.001726352743558235	0.0015209490428314157	0.00012289374238533347	0.0	0.0048789840708243215	0.002107263572169266	0.0019144584697835178	0.0015367614819153876	0.0012872984268777947	0.0025706266945060593	0.0021503754054127064	0.0011452441337668833	0.0016288809621110554	0.0017025476373286642	0.0014738161695319282	0.0004933995464832417	0.0019359816216008004
ITS014	109458	0.006100749647525384	0.0060900896825577065	0.006210704205769688	0.006019060267253116	0.006090170086584769	0.006131349053330002	0.005916798472100194	0.005963974713843288	0.0061934560935568	0.006196941297112073	0.005991537596385254	0.004859444247470987	0.0048789840708243215	0.0	0.006783956232892795	0.006591161815533466	0.006007377251598058	0.005757874976710684	0.0072472190560524214	0.006827078751162654	0.0058126196910296786	0.006099499132954531	0.006173148568195829	0.005984643589358755	0.005146988775033073	0.006603250087407704
ITS015	109459	0.0026112605423286505	0.002630196610473142	0.0028890219328222347	0.002699405483755127	0.002473027981222826	0.0024845193035184327	0.0025587187167557565	0.002595924255851912	0.002706409879323797	0.002350980465859758	0.0028268318639616103	0.0020777575937210037	0.002107263572169266	0.006783956232892795	0.0	0.00031514742787015694	0.0029482501958600577	0.002680587061866239	0.0007990804404451035	0.0003952784610991211	0.0021002665257778474	0.002677224921250255	0.0028383875861427016	0.002644911255136541	0.0019878448928016884	0.0018168718986742959
ITS016	109460	0.002422495832923563	0.0024414319010680544	0.002700257223417147	0.0025106407743500387	0.0021677316365705393	0.0022514092690432705	0.0023272333634295414	0.002280788815129987	0.0025168247017520635	0.00216221575645467	0.002597842846671792	0.0018849139272863716	0.0019144584697835178	0.006591161815533466	0.00031514742787015694	0.0	0.0026774637861116672	0.0024877013352758073	0.0010510496248089447	0.000628512533953928	0.002034601815469225	0.002488450205841565	0.002609398568852883	0.0023297795306473704	0.0017787509921858295	0.0016716502936324426
ITS017	109461	0.0008028200372079859	0.0007765529015658782	0.0005275913581179921	0.0006627172260629591	0.0008960901007982565	0.0009142039405761009	0.0011364211041324775	0.0010971990628199538	0.0009476766368763209	0.001079492975626141	0.0004944344765619281	0.0015469336448168899	0.0015367614819153876	0.006007377251598058	0.0029482501958600577	0.0026774637861116672	0.0	0.0003026464098143079	0.0033171170289524473	0.0029720523746577625	0.001975495930352049	0.0008510451763938012	0.00099935430077754	0.0007142993804612957	0.0015117361267442454	0.002446685143201087
ITS018	109462	0.0005563820150760405	0.0005301177373427155	0.0005764916266273126	0.00041630697488738617	0.0007166973836296692	0.0007464176262895312	0.0008898528826029942	0.0009295783081858202	0.000695718748018241	0.0008330840036116998	0.0002684785113682151	0.00129744898506042	0.0012872984268777947	0.005757874976710684	0.002680587061866239	0.0024877013352758073	0.0003026464098143079	0.0	0.0031282751412464987	0.0026699407466166795	0.0016791856952161697	0.0005998389372220064	0.0007399954008864376	0.0005540602737418145	0.0013500055034245794	0.002262798930042196
ITS019	109463	0.0031278894095157104	0.003146825477660201	0.0032578815664758816	0.0032160231464603934	0.0029600924255104113	0.0029346223486097014	0.003052311354995109	0.0030435371748463677	0.003222203079148663	0.0028676093330468177	0.00334346073114867	0.002541110711315346	0.0025706266945060593	0.0072472190560524214	0.0007990804404451035	0.0010510496248089447	0.0033171170289524473	0.0031282751412464987	0.0	0.0006152509692732668	0.002293941424071867	0.0031938369800331126	0.003354985644307803	0.003067986149706782	0.0024511032258297642	0.0020499338533369956
ITS020	109464	0.0026350713323140132	0.002654007400458505	0.0029128127128025955	0.002723216273740489	0.0024672785476873155	0.0024804114424836726	0.002559567944410694	0.0025902146702667566	0.0027294116102891527	0.002374791255845121	0.0028506426539469734	0.00212083086291556	0.0021503754054127064	0.006827078751162654	0.0003952784610991211	0.000628512533953928	0.0029720523746577625	0.0026699407466166795	0.0006152509692732668	0.0	0.002161909511785893	0.0027010357112356178	0.0028211707643221616	0.0026326204163224084	0.0020334850174487237	0.0019088934467033514
ITS021	109465	0.0015816182694667568	0.0015947260277602371	0.0018549831657227464	0.0016828360618704702	0.0016120419245937603	0.0016466044494711741	0.0016967301345218195	0.0017208592729636115	0.0016361367808956275	0.0016172169030671325	0.0017458083942671334	0.0011305365419318919	0.0011452441337668833	0.0058126196910296786	0.0021002665257778474	0.002034601815469225	0.001975495930352049	0.0016791856952161697	0.002293941424071867	0.002161909511785893	0.0	0.001569933087053527	0.0019442817331765882	0.001562657825754598	0.0011729200571185588	0.0010855619463831917
ITS022	109466	0.0004619585359963589	0.00043982875281107603	0.0006623928857476593	0.0005100090557836166	0.0007892109936734223	0.0008172736631320434	0.0009507180354282756	0.000980513782371454	0.0005351116083892612	0.0007277397701297513	0.0005061817943171586	0.001639057930937634	0.0016288809621110554	0.006099499132954531	0.002677224921250255	0.002488450205841565	0.0008510451763938012	0.0005998389372220064	0.0031938369800331126	0.0027010357112356178	0.001569933087053527	0.0	0.0008999251868134067	0.000466884929950544	0.0016915428197698847	0.00212467172202101
ITS023	109467	0.0005089377886661165	0.0004983523920632079	0.0008108258568384161	0.0006205773086677781	0.0007318169747444763	0.0007466443179347095	0.0010327309213542413	0.0010690656093812721	0.0007817631026797894	0.0007782051361164238	0.000729969327743872	0.0017127083979101957	0.0017025476373286642	0.006173148568195829	0.0028383875861427016	0.002609398568852883	0.00099935430077754	0.0007399954008864376	0.003354985644307803	0.0028211707643221616	0.0019442817331765882	0.0008999251868134067	0.0	0.0008426454221559226	0.001765289711995998	0.0024986177651825916
ITS024	109468	0.0004830478011966733	0.00046076802945883773	0.0006232226548260776	0.0005084981709012704	0.0005671142915823343	0.0006230380414484039	0.000787493192039016	0.0006400891190775869	0.0005663289556867062	0.0007035581199759929	0.000548707758162227	0.0014889191314278894	0.0014738161695319282	0.005984643589358755	0.002644911255136541	0.0023297795306473704	0.0007142993804612957	0.0005540602737418145	0.003067986149706782	0.0026326204163224084	0.001562657825754598	0.000466884929950544	0.0008426454221559226	0.0	0.0014569815847150992	0.0020428775345418602
ITS_016	109469	0.0016928601702396796	0.0016822002052720025	0.001802803921600622	0.00161111928183321	0.0016100885015476255	0.0017234746009292736	0.00150891863807071	0.0014502274739809856	0.0017855696394055995	0.001789051819826369	0.0015836385142971483	0.0004457470663108439	0.0004933995464832417	0.005146988775033073	0.0019878448928016884	0.0017787509921858295	0.0015117361267442454	0.0013500055034245794	0.0024511032258297642	0.0020334850174487237	0.0011729200571185588	0.0016915428197698847	0.001765289711995998	0.0014569815847150992	0.0	0.0017305224540270134
ITS_025	109470	0.0021364531785713087	0.0021495609368647893	0.0024098498734745457	0.002237788406205591	0.0020143363328744947	0.002091389910747165	0.00226894365755108	0.0021978555646147454	0.002191025109427709	0.0018686819898906973	0.002300635899669835	0.001921340589520972	0.0019359816216008004	0.006603250087407704	0.0018168718986742959	0.0016716502936324426	0.002446685143201087	0.002262798930042196	0.0020499338533369956	0.0019088934467033514	0.0010855619463831917	0.00212467172202101	0.0024986177651825916	0.0020428775345418602	0.0017305224540270134	0.0
