ITS001	109445	0	0.006026375584306183	0.09200670101535896	0.05338349680785839	0.05621545843496236	0.06343103963773862	0.16901421780414919	0.1749313236756998	0.12430671979381015	0.03533648119726798	0.04809082981489939	0.2835812674589621	0.28615259171163215	0.32942766337383694	0.2539355581175145	0.24138631133197028	0.1338005663292268	0.08705027582806708	0.26781628141452163	0.22174102116276245	0.3790158938824837	0.07685280676240945	0.08977288411461226	0.053957811075561427	0.31289381910092673	0.34934561888074567
ITS002	109446	0.006026375584306183	0	0.08640719145762155	0.048113117807172145	0.05266700065922615	0.05988258186200242	0.1686767475630572	0.17459385343460793	0.11996878958863251	0.03108306250546464	0.04310435391049489	0.28324379721787013	0.2858151214705402	0.3290901931327452	0.25532000910137265	0.24277076231582836	0.12853018732854055	0.08177989682738082	0.2692007323983797	0.2231254721466205	0.3804003448663417	0.07591417956936473	0.09285489848902773	0.05291537991840237	0.31255634885983474	0.3507300698646038
ITS003	109447	0.09200670101535896	0.08640719145762155	0	0.045915090431921005	0.09404045660767447	0.08492043796682766	0.16900280589853983	0.17106461761515324	0.10826184138152418	0.07924208515016562	0.09644630089375214	0.27995005019174357	0.2825213744444137	0.3257964461066184	0.2604470907691249	0.24789784398358064	0.08633269846393384	0.10091679324661912	0.2562587894631498	0.22825255381437282	0.38552742653409405	0.08788375735011676	0.11093418489911726	0.0829559632224048	0.3092626018337082	0.355857151532356
ITS004	109448	0.05338349680785839	0.048113117807172145	0.045915090431921005	0	0.07016314063788791	0.07947406712641819	0.1690869049825479	0.17595808451124745	0.11038841795233827	0.053151720275543324	0.05817170817341953	0.27989103436489593	0.282462358617566	0.32573743027977087	0.26053118985313306	0.24798194306758883	0.12634977047241167	0.07963258087208996	0.2744119131501401	0.22833665289838087	0.38561152561810214	0.0812357152962018	0.11101828398312537	0.056789779162765286	0.30920358600686054	0.35594125061636406
ITS005	109449	0.05621545843496236	0.05266700065922615	0.09404045660767447	0.07016314063788791	0	0.015280610036237477	0.13362656210369997	0.13944396323748273	0.11855888409497242	0.03991911549428557	0.08245490703831794	0.2691638876967877	0.2662415392117097	0.31447195531700156	0.23902138345091709	0.21651725227755692	0.11609264630727398	0.07393981216707834	0.24931153050958701	0.20323627025782795	0.36676684686500527	0.08425487168120518	0.0906609137154549	0.05032945981376445	0.29941970296335846	0.3292528070877886
ITS006	109450	0.06343103963773862	0.05988258186200242	0.08492043796682766	0.07947406712641819	0.015280610036237477	0	0.13405945571572633	0.13970802320132697	0.11893502933027733	0.04536703068396009	0.09021707750819294	0.2708283923141748	0.26790604382909683	0.3158481989342683	0.23878677795981035	0.22076469529693774	0.10963624107454274	0.08213940528571287	0.24448766546606393	0.20316344466263658	0.36843135148239237	0.08494961371715383	0.09021513096966133	0.059203936010942246	0.3055662560912332	0.3335002501071694
ITS007	109451	0.16901421780414919	0.1686767475630572	0.16900280589853983	0.1690869049825479	0.13362656210369997	0.13405945571572633	0	0.01811875593948893	0.11809295514370748	0.16791465292593635	0.18171932975144517	0.23625555714831747	0.23795011336098496	0.28572283706083795	0.2269150819599682	0.20819969089704563	0.11920749133285155	0.11631487235192299	0.2380481201149685	0.19998114760935454	0.34825534496189803	0.13862360931408962	0.1605341098233258	0.14349985306618002	0.2756103256231213	0.32067073978953065
ITS008	109452	0.1749313236756998	0.17459385343460793	0.17106461761515324	0.17595808451124745	0.13944396323748273	0.13970802320132697	0.01811875593948893	0	0.12435668512013558	0.17383175879748705	0.18771628295923615	0.2358436004377776	0.2375381566504451	0.2856575044551756	0.2259610083028194	0.20229552069252713	0.12060829758051166	0.12219618275793225	0.23151308853595692	0.198255483842429	0.34688931459420924	0.14454071518564032	0.1661662488997394	0.13544083915361074	0.269993888303895	0.31533077811745314
ITS009	109453	0.12430671979381015	0.11996878958863251	0.10826184138152418	0.11038841795233827	0.11855888409497242	0.11893502933027733	0.11809295514370748	0.12435668512013558	0	0.11059763318587056	0.13449050644802213	0.26600329809292084	0.273184065302057	0.30959075722800605	0.24653199383756028	0.2339350703121426	0.11274635239974436	0.10341321774470452	0.26036504039469394	0.21428978014293487	0.371564652862656	0.0930574006953162	0.14336718481507105	0.12113154122207861	0.30535806656772463	0.34189437786091803
ITS010	109454	0.03533648119726798	0.03108306250546464	0.07924208515016562	0.053151720275543324	0.03991911549428557	0.04536703068396009	0.16791465292593635	0.17383175879748705	0.11059763318587056	0	0.06801622678001201	0.2824817025807494	0.2850530268334194	0.3283280984956242	0.23120859864997345	0.21865935186442909	0.12647669746219142	0.08030796224472837	0.2450893219469804	0.1990140616952213	0.37465934961387287	0.07533451810351183	0.09412138233512322	0.05719433806176572	0.31179425422271395	0.32661865941320456
ITS011	109455	0.04809082981489939	0.04310435391049489	0.09644630089375214	0.05817170817341953	0.08245490703831794	0.09021707750819294	0.18171932975144517	0.18771628295923615	0.13449050644802213	0.06801622678001201	0	0.28792711377584657	0.2904984380285166	0.3337735096907214	0.2778920506188547	0.2603498619187393	0.13192210865728865	0.0857533734398256	0.2917727739158617	0.24569751366410256	0.4029723863838237	0.0905236732082751	0.12277648243111403	0.0660532220235889	0.3172396654178111	0.3733021113820858
ITS012	109456	0.2835812674589621	0.28324379721787013	0.27995005019174357	0.27989103436489593	0.2691638876967877	0.2708283923141748	0.23625555714831747	0.2358436004377776	0.26600329809292084	0.2824817025807494	0.28792711377584657	0	0.013922511813566052	0.08913990677954739	0.24476584986530392	0.23724206216456564	0.2765744115478575	0.2709469457933543	0.2623744439389826	0.253660920648132	0.16761838801952655	0.27932690859266096	0.2770505111565571	0.2640254350151883	0.06587036868237164	0.20074414170485852
ITS013	109457	0.28615259171163215	0.2858151214705402	0.2825213744444137	0.282462358617566	0.2662415392117097	0.26790604382909683	0.23795011336098496	0.2375381566504451	0.273184065302057	0.2850530268334194	0.2904984380285166	0.013922511813566052	0	0.08776679273302725	0.24368529942621586	0.23981338641723568	0.2791457358005275	0.273510808304745	0.2612938934998945	0.25623224490080204	0.16890895478838747	0.28189823284533105	0.2796218354092271	0.2665967592678584	0.06673441974696614	0.1978972709319685
ITS014	109458	0.32942766337383694	0.3290901931327452	0.3257964461066184	0.32573743027977087	0.31447195531700156	0.3158481989342683	0.28572283706083795	0.2856575044551756	0.30959075722800605	0.3283280984956242	0.3337735096907214	0.08913990677954739	0.08776679273302725	0	0.2857395701422588	0.2830884580794405	0.3224208074627323	0.31078245988011527	0.28946744091893045	0.2995073165630069	0.19171221751828757	0.3251733045075359	0.3228969070714319	0.3098718309300632	0.12183460012356936	0.19824483579791444
ITS015	109459	0.2539355581175145	0.25532000910137265	0.2604470907691249	0.26053118985313306	0.23902138345091709	0.23878677795981035	0.2269150819599682	0.2259610083028194	0.24653199383756028	0.23120859864997345	0.2778920506188547	0.24476584986530392	0.24368529942621586	0.2857395701422588	0	0.02571100616519563	0.2781787828943058	0.27382073197093104	0.05838130265801185	0.06652872072702123	0.3320708212605076	0.2537127781838128	0.2567068306907352	0.24715624093337446	0.2692057258693484	0.2694010132944467
ITS016	109460	0.24138631133197028	0.24277076231582836	0.24789784398358064	0.24798194306758883	0.21651725227755692	0.22076469529693774	0.20819969089704563	0.20229552069252713	0.2339350703121426	0.21865935186442909	0.2603498619187393	0.23724206216456564	0.23981338641723568	0.2830884580794405	0.02571100616519563	0	0.2605843120799018	0.26079159122262946	0.07589865985879246	0.05586891084897047	0.32941970919768926	0.24116353139826843	0.23916464199061985	0.2240889342416421	0.26150938977767046	0.2620043798174631
ITS017	109461	0.1338005663292268	0.12853018732854055	0.08633269846393384	0.12634977047241167	0.11609264630727398	0.10963624107454274	0.11920749133285155	0.12060829758051166	0.11274635239974436	0.12647669746219142	0.13192210865728865	0.2765744115478575	0.2791457358005275	0.3224208074627323	0.2781787828943058	0.2605843120799018	0	0.05911081703383283	0.2739904815883307	0.2459842459395537	0.40325911865927494	0.10666859186145143	0.1415389366462538	0.12151089619169166	0.3058875353187986	0.3688433222433716
ITS018	109462	0.08705027582806708	0.08177989682738082	0.10091679324661912	0.07963258087208996	0.07393981216707834	0.08213940528571287	0.11631487235192299	0.12219618275793225	0.10341321774470452	0.08030796224472837	0.0857533734398256	0.2709469457933543	0.273510808304745	0.31078245988011527	0.27382073197093104	0.26079159122262946	0.05911081703383283	0	0.2792325406682378	0.23741585337593582	0.39469072609565703	0.07558035014386554	0.12475078969919814	0.07984126629755317	0.3056848095704127	0.36853420411829013
ITS019	109463	0.26781628141452163	0.2692007323983797	0.2562587894631498	0.2744119131501401	0.24931153050958701	0.24448766546606393	0.2380481201149685	0.23151308853595692	0.26036504039469394	0.2450893219469804	0.2917727739158617	0.2623744439389826	0.2612938934998945	0.28946744091893045	0.05838130265801185	0.07589865985879246	0.2739904815883307	0.2792325406682378	0	0.05600465774469393	0.3367090157084638	0.2675935014808198	0.27058755398774226	0.24965779505929286	0.2729335966460201	0.27888367049862284
ITS020	109464	0.22174102116276245	0.2231254721466205	0.22825255381437282	0.22833665289838087	0.20323627025782795	0.20316344466263658	0.19998114760935454	0.198255483842429	0.21428978014293487	0.1990140616952213	0.24569751366410256	0.253660920648132	0.25623224490080204	0.2995073165630069	0.06652872072702123	0.05586891084897047	0.2459842459395537	0.23741585337593582	0.05600465774469393	0	0.3458385676812557	0.22151824122906064	0.22451229373598308	0.21054191683317708	0.28297347229009656	0.28689195824476793
ITS021	109465	0.3790158938824837	0.3804003448663417	0.38552742653409405	0.38561152561810214	0.36676684686500527	0.36843135148239237	0.34825534496189803	0.34688931459420924	0.371564652862656	0.37465934961387287	0.4029723863838237	0.16761838801952655	0.16890895478838747	0.19171221751828757	0.3320708212605076	0.32941970919768926	0.40325911865927494	0.39469072609565703	0.3367090157084638	0.3458385676812557	0	0.37879311394878185	0.3817871664557043	0.36669552532625155	0.16505664197535422	0.13165319719834676
ITS022	109466	0.07685280676240945	0.07591417956936473	0.08788375735011676	0.0812357152962018	0.08425487168120518	0.08494961371715383	0.13862360931408962	0.14454071518564032	0.0930574006953162	0.07533451810351183	0.0905236732082751	0.27932690859266096	0.28189823284533105	0.3251733045075359	0.2537127781838128	0.24116353139826843	0.10666859186145143	0.07558035014386554	0.2675935014808198	0.22151824122906064	0.37879311394878185	0	0.1094703222568315	0.07301195443835376	0.3086394602346255	0.3491228389470438
ITS023	109467	0.08977288411461226	0.09285489848902773	0.11093418489911726	0.11101828398312537	0.0906609137154549	0.09021513096966133	0.1605341098233258	0.1661662488997394	0.14336718481507105	0.09412138233512322	0.12277648243111403	0.2770505111565571	0.2796218354092271	0.3228969070714319	0.2567068306907352	0.23916464199061985	0.1415389366462538	0.12475078969919814	0.27058755398774226	0.22451229373598308	0.3817871664557043	0.1094703222568315	0	0.10118515265601657	0.30636306279852166	0.3521168914539663
ITS024	109468	0.053957811075561427	0.05291537991840237	0.0829559632224048	0.056789779162765286	0.05032945981376445	0.059203936010942246	0.14349985306618002	0.13544083915361074	0.12113154122207861	0.05719433806176572	0.0660532220235889	0.2640254350151883	0.2665967592678584	0.3098718309300632	0.24715624093337446	0.2240889342416421	0.12151089619169166	0.07984126629755317	0.24965779505929286	0.21054191683317708	0.36669552532625155	0.07301195443835376	0.10118515265601657	0	0.2882869625983988	0.3371241916665681
ITS_016	109469	0.31289381910092673	0.31255634885983474	0.3092626018337082	0.30920358600686054	0.29941970296335846	0.3055662560912332	0.2756103256231213	0.269993888303895	0.30535806656772463	0.31179425422271395	0.3172396654178111	0.06587036868237164	0.06673441974696614	0.12183460012356936	0.2692057258693484	0.26150938977767046	0.3058875353187986	0.3056848095704127	0.2729335966460201	0.28297347229009656	0.16505664197535422	0.3086394602346255	0.30636306279852166	0.2882869625983988	0	0.20236623329578526
ITS_025	109470	0.34934561888074567	0.3507300698646038	0.355857151532356	0.35594125061636406	0.3292528070877886	0.3335002501071694	0.32067073978953065	0.31533077811745314	0.34189437786091803	0.32661865941320456	0.3733021113820858	0.20074414170485852	0.1978972709319685	0.19824483579791444	0.2694010132944467	0.2620043798174631	0.3688433222433716	0.36853420411829013	0.27888367049862284	0.28689195824476793	0.13165319719834676	0.3491228389470438	0.3521168914539663	0.3371241916665681	0.20236623329578526	0
