ITS001	109445	0.0	0.0002852233735120536	0.0027333659584569993	0.0014195887368957385	0.001794213143866168	0.0018648752410450578	0.003259389689333448	0.0035070829607884543	0.001378765524135863	0.00045640150917275186	0.001199017197879581	0.003660429870681608	0.003733652171992394	0.011411558055187059	0.004200278740224037	0.0041616344500809335	0.00321200362518643	0.0016015026045913777	0.0053192140631249055	0.00477031439642267	0.0030561507283736527	0.0018062311266802192	0.0018946185563085789	0.0021658765941320055	0.003624543634629977	0.0034856928599025262
ITS002	109446	0.0002852233735120536	0.0	0.002699176290239579	0.0013854872904618086	0.0017600802465721247	0.0018307381200914493	0.0032254322861124817	0.0034730977913355063	0.00122021236941546	0.0003541763255376614	0.0010472650062246375	0.0036955915512657833	0.0037688138525765694	0.011446719735771235	0.004349280913896138	0.004310636623753035	0.003177873296337175	0.0015674227555366612	0.005468216236797007	0.004919304883935862	0.003091312408957828	0.0017723346182076777	0.0018606237418642459	0.0021625002702373016	0.003659705315214152	0.003662713717599835
ITS003	109447	0.0027333659584569993	0.002699176290239579	0.0	0.0014802655661190563	0.0029520365216141498	0.0024001302798830415	0.0033429054143800895	0.003336788794678999	0.002067684047603802	0.0029252443056041882	0.002281201776437868	0.003948678289701384	0.004021917401098222	0.01169995278114057	0.005320002487197105	0.005273899270105053	0.0013307895651277794	0.0014206019294169842	0.005617013201810758	0.0059029861789651125	0.003508702937868934	0.002686960172676338	0.00267276872771224	0.0028404456306037273	0.003912829869996389	0.004842624792636319
ITS004	109448	0.0014195887368957385	0.0013854872904618086	0.0014802655661190563	0.0	0.0019280718124374627	0.0019273228077128946	0.00277471839840166	0.0029815310171037294	0.0009774761714609064	0.0016115701088673302	0.0011973008198715406	0.0033751526147688614	0.0034485520223434063	0.01112645790553807	0.00440801795206436	0.004362022543738636	0.002683719841911518	0.001106868396843983	0.005539980701174004	0.0049911834383755405	0.0027707123318145375	0.0015019935533050707	0.002051412447604703	0.0019306495771861238	0.0033391011009905945	0.0038304305554178403
ITS005	109449	0.001794213143866168	0.0017600802465721247	0.0029520365216141498	0.0019280718124374627	0.0	0.0006039194240110884	0.0022112152656545356	0.0021912935482243227	0.0018151033194088503	0.0019878667994980025	0.0017964493507124065	0.00371141462846708	0.003245439283670202	0.011698106345938694	0.004930445507315177	0.0041230437816447765	0.0025831556953475193	0.0019308937647313448	0.006018203792319708	0.00546938116099881	0.0035066119612007047	0.002471487362044108	0.001980162119017797	0.0017670351070935041	0.003409170200340204	0.004096012969520598
ITS006	109450	0.0018648752410450578	0.0018307381200914493	0.0024001302798830415	0.0019273228077128946	0.0006039194240110884	0.0	0.002193178670989693	0.0024464886231067282	0.0017926659708195217	0.002058525874777855	0.0017457371941736318	0.003709644218675796	0.0032437239068987293	0.01169633253402608	0.0049600902991033344	0.004648861578354601	0.0024815268270411456	0.0018955532363732419	0.005814539078497298	0.005515395894064161	0.0035058134639527356	0.002491061995779504	0.0018804345947363156	0.002068129979347416	0.003909472440291604	0.004611219976695296
ITS007	109451	0.003259389689333448	0.0032254322861124817	0.0033429054143800895	0.00277471839840166	0.0022112152656545356	0.002193178670989693	0.0	0.0006290804312349602	0.0020980920620049565	0.0034516327398085903	0.0028618945741791073	0.0028850168452881244	0.0026899732165111437	0.011114514723634073	0.004807937009323394	0.004542681221080398	0.0030657041437332066	0.00224968317294445	0.005939805341440782	0.005391186284723554	0.0032582448826588613	0.0027203244269179416	0.0029422119986390475	0.0026780900380311656	0.0033277458837383147	0.004631267037445345
ITS008	109452	0.0035070829607884543	0.0034730977913355063	0.003336788794678999	0.0029815310171037294	0.0021912935482243227	0.0024464886231067282	0.0006290804312349602	0.0	0.0023023989202537055	0.0036992982450316145	0.0030489148664635396	0.003091175721440907	0.0029313158511698367	0.011310069328366123	0.005039007510627676	0.004210853594856655	0.002769381588941157	0.0024564906313533016	0.005956478981450592	0.005622289413571897	0.0034978320939919065	0.0029568284483291922	0.003130604075101796	0.0021679914779096643	0.002997132254994392	0.004383287376538462
ITS009	109453	0.001378765524135863	0.00122021236941546	0.002067684047603802	0.0009774761714609064	0.0018151033194088503	0.0017926659708195217	0.0020980920620049565	0.0023023989202537055	0.0	0.0014463347997045466	0.0010021563955909336	0.003034713242948378	0.0033508722050556417	0.011028748279709854	0.004381814279505944	0.004335758404372186	0.0025459149937825647	0.0009792298693655822	0.005513762724244514	0.004965037045653078	0.0026765927858529263	0.0015780051264332167	0.0018861477424989988	0.002016750840236429	0.0032416815984416683	0.0038506246503451727
ITS010	109454	0.00045640150917275186	0.0003541763255376614	0.0029252443056041882	0.0016115701088673302	0.0019878667994980025	0.002058525874777855	0.0034516327398085903	0.0036992982450316145	0.0014463347997045466	0.0	0.0013444429405405384	0.0037636595323401055	0.0038368818336508917	0.011514787716845555	0.004098934433311963	0.00406029014316886	0.003404019735228843	0.0017953197415924778	0.0052195106718875344	0.00467059931902639	0.0031593803900321505	0.0019984440599857436	0.002124149063084128	0.0023596835371749183	0.0037277732962884744	0.003447135868084981
ITS011	109455	0.001199017197879581	0.0010472650062246375	0.002281201776437868	0.0011973008198715406	0.0017964493507124065	0.0017457371941736318	0.0028618945741791073	0.0030489148664635396	0.0010021563955909336	0.0013444429405405384	0.0	0.0036478518423105266	0.003721074143621313	0.011398980026815978	0.004642901563155262	0.004331744332141724	0.002644469797294527	0.0011870118004802751	0.005761801099779912	0.005212894748919569	0.003043572700002571	0.0016154702103240667	0.0019152956490205476	0.0017897618543717484	0.003611905770357354	0.0038784064242292442
ITS012	109456	0.003660429870681608	0.0036955915512657833	0.003948678289701384	0.0033751526147688614	0.00371141462846708	0.003709644218675796	0.0028850168452881244	0.003091175721440907	0.003034713242948378	0.0037636595323401055	0.0036478518423105266	0.0	0.0004932288739343604	0.008943773160704013	0.004028791244629827	0.003990015145673824	0.0036443550932527716	0.002732433298781771	0.005086952674756725	0.004859797488270579	0.0016465097020366669	0.0033267006339514453	0.0037665843755717225	0.0032013421579066125	0.00178761596574945	0.004055696492112253
ITS013	109457	0.003733652171992394	0.0037688138525765694	0.004021917401098222	0.0034485520223434063	0.003245439283670202	0.0032437239068987293	0.0026899732165111437	0.0029313158511698367	0.0033508722050556417	0.0038368818336508917	0.003721074143621313	0.0004932288739343604	0.0	0.009028462138290326	0.004156251797991844	0.004117475699035841	0.0037174615131051387	0.0028057166367145303	0.005214454456977706	0.004987263146404704	0.0017437018792529964	0.003399808066340879	0.003839737096654372	0.003260467475515085	0.0019284817262157296	0.004152538659322579
ITS014	109458	0.011411558055187059	0.011446719735771235	0.01169995278114057	0.01112645790553807	0.011698106345938694	0.01169633253402608	0.011114514723634073	0.011310069328366123	0.011028748279709854	0.011514787716845555	0.011398980026815978	0.008943773160704013	0.009028462138290326	0.0	0.01206925037781543	0.01203047427885943	0.011395492934082286	0.010483567730250233	0.013127453643548533	0.012900264515991425	0.00966057005761881	0.011077906677938969	0.011517774659712614	0.011216712007561858	0.009737499583995345	0.012069380633106553
ITS015	109459	0.004200278740224037	0.004349280913896138	0.005320002487197105	0.00440801795206436	0.004930445507315177	0.0049600902991033344	0.004807937009323394	0.005039007510627676	0.004381814279505944	0.004098934433311963	0.004642901563155262	0.004028791244629827	0.004156251797991844	0.01206925037781543	0.0	0.0008666507785355344	0.0053507249703143595	0.004140966542435268	0.0015095478015706286	0.0014969425178371352	0.0037516533032567003	0.004309845397712486	0.0050435703614258795	0.004563356507362944	0.0037233528652522007	0.003207582076066635
ITS016	109460	0.0041616344500809335	0.004310636623753035	0.005273899270105053	0.004362022543738636	0.0041230437816447765	0.004648861578354601	0.004542681221080398	0.004210853594856655	0.004335758404372186	0.00406029014316886	0.004331744332141724	0.003990015145673824	0.004117475699035841	0.01203047427885943	0.0008666507785355344	0.0	0.004815671670659992	0.004102337111142158	0.002263301683741544	0.0022506029833517433	0.0037129063975287636	0.004263788828634317	0.00472489568047438	0.0037043640638037027	0.0031563269499129613	0.002881853568254127
ITS017	109461	0.00321200362518643	0.003177873296337175	0.0013307895651277794	0.002683719841911518	0.0025831556953475193	0.0024815268270411456	0.0030657041437332066	0.002769381588941157	0.0025459149937825647	0.003404019735228843	0.002644469797294527	0.0036443550932527716	0.0037174615131051387	0.011395492934082286	0.0053507249703143595	0.004815671670659992	0.0	0.0016956011946666696	0.005647815231264848	0.005933938406398808	0.003636000211086621	0.002909935345337874	0.0029584855669157317	0.0025745226267302156	0.003119719400619417	0.004508155101195916
ITS018	109462	0.0016015026045913777	0.0015674227555366612	0.0014206019294169842	0.001106868396843983	0.0019308937647313448	0.0018955532363732419	0.00224968317294445	0.0024564906313533016	0.0009792298693655822	0.0017953197415924778	0.0011870118004802751	0.002732433298781771	0.0028057166367145303	0.010483567730250233	0.004140966542435268	0.004102337111142158	0.0016956011946666696	0.0	0.004930862175015065	0.004659481188900619	0.0022398323227903116	0.0014022640044855708	0.0017435547315034897	0.0017130157886392568	0.002714686070563058	0.0036577366045439
ITS019	109463	0.0053192140631249055	0.005468216236797007	0.005617013201810758	0.005539980701174004	0.006018203792319708	0.005814539078497298	0.005939805341440782	0.005956478981450592	0.005513762724244514	0.0052195106718875344	0.005761801099779912	0.005086952674756725	0.005214454456977706	0.013127453643548533	0.0015095478015706286	0.002263301683741544	0.005647815231264848	0.004930862175015065	0.0	0.0011776049420568228	0.004864637591243366	0.005441820338812482	0.006175414461154426	0.005331101317857143	0.004781562328320512	0.004339452067873358
ITS020	109464	0.00477031439642267	0.004919304883935862	0.0059029861789651125	0.0049911834383755405	0.00546938116099881	0.005515395894064161	0.005391186284723554	0.005622289413571897	0.004965037045653078	0.00467059931902639	0.005212894748919569	0.004859797488270579	0.004987263146404704	0.012900264515991425	0.0014969425178371352	0.0022506029833517433	0.005933938406398808	0.004659481188900619	0.0011776049420568228	0.0	0.004628437793889653	0.004893090471431973	0.005357686418737458	0.0050818947740596246	0.004582696880412367	0.004103365462371537
ITS021	109465	0.0030561507283736527	0.003091312408957828	0.003508702937868934	0.0027707123318145375	0.0035066119612007047	0.0035058134639527356	0.0032582448826588613	0.0034978320939919065	0.0026765927858529263	0.0031593803900321505	0.003043572700002571	0.0016465097020366669	0.0017437018792529964	0.00966057005761881	0.0037516533032567003	0.0037129063975287636	0.003636000211086621	0.0022398323227903116	0.004864637591243366	0.004628437793889653	0.0	0.0027226819870035013	0.0033716473541045636	0.0029716519592246802	0.002084249598017066	0.0032463128764782393
ITS022	109466	0.0018062311266802192	0.0017723346182076777	0.002686960172676338	0.0015019935533050707	0.002471487362044108	0.002491061995779504	0.0027203244269179416	0.0029568284483291922	0.0015780051264332167	0.0019984440599857436	0.0016154702103240667	0.0033267006339514453	0.003399808066340879	0.011077906677938969	0.004309845397712486	0.004263788828634317	0.002909935345337874	0.0014022640044855708	0.005441820338812482	0.004893090471431973	0.0027226819870035013	0.0	0.002644917742216377	0.001808323715877148	0.003290509278940495	0.0036441071842621305
ITS023	109467	0.0018946185563085789	0.0018606237418642459	0.00267276872771224	0.002051412447604703	0.001980162119017797	0.0018804345947363156	0.0029422119986390475	0.003130604075101796	0.0018861477424989988	0.002124149063084128	0.0019152956490205476	0.0037665843755717225	0.003839737096654372	0.011517774659712614	0.0050435703614258795	0.00472489568047438	0.0029584855669157317	0.0017435547315034897	0.006175414461154426	0.005357686418737458	0.0033716473541045636	0.002644917742216377	0.0	0.0028070017630303754	0.0037308843588305866	0.004700103758628562
ITS024	109468	0.0021658765941320055	0.0021625002702373016	0.0028404456306037273	0.0019306495771861238	0.0017670351070935041	0.002068129979347416	0.0026780900380311656	0.0021679914779096643	0.002016750840236429	0.0023596835371749183	0.0017897618543717484	0.0032013421579066125	0.003260467475515085	0.011216712007561858	0.004563356507362944	0.0037043640638037027	0.0025745226267302156	0.0017130157886392568	0.005331101317857143	0.0050818947740596246	0.0029716519592246802	0.001808323715877148	0.0028070017630303754	0.0	0.0028193777399621407	0.0033715587764112827
ITS_016	109469	0.003624543634629977	0.003659705315214152	0.003912829869996389	0.0033391011009905945	0.003409170200340204	0.003909472440291604	0.0033277458837383147	0.002997132254994392	0.0032416815984416683	0.0037277732962884744	0.003611905770357354	0.00178761596574945	0.0019284817262157296	0.009737499583995345	0.0037233528652522007	0.0031563269499129613	0.003119719400619417	0.002714686070563058	0.004781562328320512	0.004582696880412367	0.002084249598017066	0.003290509278940495	0.0037308843588305866	0.0028193777399621407	0.0	0.003140975284476507
ITS_025	109470	0.0034856928599025262	0.003662713717599835	0.004842624792636319	0.0038304305554178403	0.004096012969520598	0.004611219976695296	0.004631267037445345	0.004383287376538462	0.0038506246503451727	0.003447135868084981	0.0038784064242292442	0.004055696492112253	0.004152538659322579	0.012069380633106553	0.003207582076066635	0.002881853568254127	0.004508155101195916	0.0036577366045439	0.004339452067873358	0.004103365462371537	0.0032463128764782393	0.0036441071842621305	0.004700103758628562	0.0033715587764112827	0.003140975284476507	0.0
