58
364417     0.0000000 0.0083376 0.0082892 0.0041404 0.0082892 0.0082957 0.0167312 0.0044088 0.0646794 0.0082892 0.0083077 0.0125224 0.0082957 0.0125533 0.0124744 0.0083349 0.0125072 0.0041404 0.0125224 0.0083143 0.0082957 0.0083376 0.0125843 0.0127498 0.0082957 0.0083143 0.0125224 0.0083349 0.0083143 0.0125124 0.0125072 0.0083632 0.0083143 0.0082957 0.0084755 0.0083348 0.0083190 0.0083043 0.0083349 0.0083143 0.0125293 0.0736087 0.0083190 0.0083349 0.0083077 0.0082957 0.0042255 0.0082892 0.0083255 0.0082957 0.0082957 0.0041404 0.0083443 0.0083190 0.0041646 0.0041553 0.0041553 0.0082957 
33927      0.0083376 0.0000000 0.0083123 0.0041519 0.0083123 0.0083189 0.0167783 0.0044219 0.0648673 0.0083123 0.0083310 0.0125576 0.0083189 0.0125887 0.0125093 0.0083583 0.0125424 0.0041519 0.0125576 0.0083376 0.0083189 0.0000010 0.0126199 0.0127863 0.0083189 0.0083376 0.0125576 0.0083583 0.0083376 0.0041645 0.0125424 0.0083867 0.0083376 0.0083189 0.0084997 0.0083582 0.0083123 0.0083275 0.0083583 0.0083376 0.0125193 0.0738235 0.0083423 0.0083583 0.0083310 0.0083189 0.0042375 0.0083123 0.0083189 0.0083189 0.0083189 0.0041519 0.0083376 0.0083423 0.0041763 0.0041669 0.0041669 0.0083189 
363657     0.0082892 0.0083123 0.0000000 0.0041279 0.0082642 0.0082707 0.0166802 0.0043947 0.0644760 0.0082642 0.0082826 0.0124844 0.0082707 0.0125151 0.0124366 0.0041312 0.0124693 0.0041279 0.0124844 0.0082892 0.0082707 0.0083123 0.0125459 0.0127103 0.0082707 0.0082892 0.0124844 0.0083096 0.0082892 0.0124744 0.0124693 0.0083377 0.0082892 0.0082707 0.0084494 0.0083095 0.0082938 0.0082792 0.0083096 0.0082892 0.0124912 0.0733762 0.0082938 0.0083096 0.0082826 0.0082707 0.0042125 0.0082642 0.0083003 0.0082707 0.0082707 0.0041279 0.0083190 0.0082938 0.0041520 0.0041427 0.0041427 0.0082707 
22415      0.0041404 0.0041519 0.0041279 0.0000000 0.0041279 0.0041311 0.0124972 0.0000010 0.0598877 0.0041279 0.0041371 0.0083143 0.0041311 0.0083349 0.0082826 0.0041506 0.0083043 0.0000010 0.0083143 0.0041404 0.0041311 0.0041519 0.0083555 0.0084647 0.0041164 0.0041404 0.0083143 0.0041506 0.0041404 0.0083077 0.0083043 0.0041646 0.0041404 0.0041311 0.0042203 0.0041506 0.0041427 0.0041354 0.0041506 0.0041404 0.0082891 0.0687249 0.0041427 0.0041506 0.0041371 0.0041311 0.0000010 0.0041279 0.0041311 0.0041311 0.0041311 0.0000010 0.0041552 0.0041427 0.0000010 0.0000010 0.0000010 0.0041311 
363664     0.0082892 0.0083123 0.0082642 0.0041279 0.0000000 0.0082707 0.0166802 0.0043947 0.0644760 0.0082642 0.0082826 0.0124844 0.0082707 0.0125151 0.0124366 0.0083096 0.0124693 0.0041279 0.0124844 0.0082892 0.0082707 0.0083123 0.0125459 0.0127103 0.0082707 0.0082892 0.0124844 0.0083096 0.0082892 0.0124744 0.0124693 0.0083377 0.0082892 0.0082707 0.0084494 0.0083095 0.0082938 0.0082792 0.0083096 0.0082892 0.0124912 0.0733762 0.0082938 0.0041312 0.0082826 0.0082707 0.0042125 0.0082642 0.0083003 0.0082707 0.0082707 0.0041279 0.0083190 0.0082938 0.0041520 0.0041427 0.0041427 0.0082707 
364304     0.0082957 0.0083189 0.0082707 0.0041311 0.0082707 0.0000000 0.0166935 0.0043983 0.0645318 0.0082707 0.0082891 0.0124943 0.0082771 0.0125250 0.0124464 0.0083162 0.0124792 0.0041311 0.0124943 0.0082957 0.0082771 0.0083189 0.0125559 0.0127206 0.0082771 0.0082957 0.0124943 0.0083162 0.0082957 0.0124843 0.0124792 0.0083443 0.0082957 0.0082771 0.0084561 0.0083161 0.0083003 0.0082857 0.0083162 0.0082957 0.0125011 0.0734406 0.0083003 0.0083162 0.0082891 0.0082771 0.0042158 0.0082707 0.0083069 0.0082771 0.0082771 0.0041311 0.0083255 0.0083003 0.0041552 0.0041460 0.0041460 0.0082771 
904723     0.0167312 0.0167783 0.0166802 0.0124972 0.0166802 0.0166935 0.0000000 0.0133124 0.0737791 0.0166802 0.0167177 0.0125254 0.0166935 0.0210515 0.0209189 0.0167723 0.0209745 0.0124972 0.0210001 0.0167312 0.0166935 0.0167783 0.0211032 0.0213838 0.0166935 0.0167312 0.0210001 0.0167723 0.0167312 0.0209830 0.0209745 0.0125708 0.0167312 0.0166935 0.0170576 0.0167721 0.0167406 0.0167109 0.0167723 0.0167312 0.0210118 0.0828066 0.0125194 0.0167723 0.0167177 0.0166935 0.0127557 0.0166802 0.0167540 0.0166935 0.0166935 0.0124972 0.0167919 0.0125194 0.0083463 0.0125425 0.0125425 0.0166935 
1150881    0.0044088 0.0044219 0.0043947 0.0000010 0.0043947 0.0043983 0.0133124 0.0000000 0.0641510 0.0043947 0.0000010 0.0088556 0.0043983 0.0088789 0.0088196 0.0044204 0.0088442 0.0000010 0.0088556 0.0044088 0.0043983 0.0044219 0.0089023 0.0090264 0.0043983 0.0044088 0.0088556 0.0044204 0.0044088 0.0088481 0.0088442 0.0044363 0.0044088 0.0043983 0.0044995 0.0044204 0.0044114 0.0044032 0.0044204 0.0044088 0.0088608 0.0736375 0.0044114 0.0044204 0.0044051 0.0043983 0.0000010 0.0043947 0.0044151 0.0043983 0.0043983 0.0000010 0.0044257 0.0044114 0.0000010 0.0000010 0.0000010 0.0043983 
29206      0.0646794 0.0648673 0.0644760 0.0598877 0.0644760 0.0645318 0.0737791 0.0641510 0.0000000 0.0556287 0.0646243 0.0647472 0.0645318 0.0694509 0.0690092 0.0648326 0.0692010 0.0601112 0.0647472 0.0601740 0.0645318 0.0648673 0.0696154 0.0661073 0.0642913 0.0646794 0.0647472 0.0648326 0.0646794 0.0649825 0.0646669 0.0650722 0.0646794 0.0645318 0.0659848 0.0648336 0.0647179 0.0645993 0.0648326 0.0646794 0.0690695 0.0081268 0.0647179 0.0648326 0.0603926 0.0645318 0.0613961 0.0644760 0.0645318 0.0645318 0.0645318 0.0601112 0.0603997 0.0647179 0.0604747 0.0603355 0.0603355 0.0645318 
62746      0.0082892 0.0083123 0.0082642 0.0041279 0.0082642 0.0082707 0.0166802 0.0043947 0.0556287 0.0000000 0.0082826 0.0124844 0.0082707 0.0125151 0.0124366 0.0083096 0.0124693 0.0041279 0.0124844 0.0082892 0.0082707 0.0083123 0.0125459 0.0127103 0.0082707 0.0082892 0.0124844 0.0083096 0.0082892 0.0124744 0.0124693 0.0083377 0.0082892 0.0082707 0.0084494 0.0083095 0.0082938 0.0082792 0.0083096 0.0082892 0.0124912 0.0644511 0.0082938 0.0083096 0.0082826 0.0082707 0.0042125 0.0082642 0.0083003 0.0082707 0.0082707 0.0041279 0.0083190 0.0082938 0.0041520 0.0041427 0.0041427 0.0082707 
22426      0.0083077 0.0083310 0.0082826 0.0041371 0.0082826 0.0082891 0.0167177 0.0000010 0.0646243 0.0082826 0.0000000 0.0125124 0.0082891 0.0125432 0.0124644 0.0083282 0.0124972 0.0041371 0.0125124 0.0083077 0.0082891 0.0083310 0.0125742 0.0127394 0.0082891 0.0083077 0.0125124 0.0083282 0.0083077 0.0125023 0.0124972 0.0083565 0.0083077 0.0082891 0.0084686 0.0083281 0.0083123 0.0082977 0.0083282 0.0083077 0.0125193 0.0735455 0.0083123 0.0083282 0.0083011 0.0082891 0.0042220 0.0082826 0.0083189 0.0082891 0.0082891 0.0041371 0.0083376 0.0083123 0.0041613 0.0041520 0.0041520 0.0082891 
697372     0.0125224 0.0125576 0.0124844 0.0083143 0.0124844 0.0124943 0.0125254 0.0088556 0.0647472 0.0124844 0.0125124 0.0000000 0.0124943 0.0168063 0.0167005 0.0125533 0.0167447 0.0083143 0.0083331 0.0125224 0.0124943 0.0125576 0.0168478 0.0170708 0.0124943 0.0125224 0.0083331 0.0125533 0.0125224 0.0167515 0.0083230 0.0083632 0.0125224 0.0124943 0.0127662 0.0125532 0.0125295 0.0125072 0.0125533 0.0125224 0.0167744 0.0736859 0.0125295 0.0125533 0.0083536 0.0124943 0.0084860 0.0124844 0.0125394 0.0124943 0.0124943 0.0083143 0.0041646 0.0125295 0.0041646 0.0083444 0.0083444 0.0124943 
363677     0.0082957 0.0083189 0.0082707 0.0041311 0.0082707 0.0082771 0.0166935 0.0043983 0.0645318 0.0082707 0.0082891 0.0124943 0.0000000 0.0125250 0.0124464 0.0083162 0.0124792 0.0041311 0.0124943 0.0082957 0.0082771 0.0083189 0.0125559 0.0127206 0.0082771 0.0082957 0.0124943 0.0083162 0.0082957 0.0124843 0.0124792 0.0083443 0.0082957 0.0082771 0.0084561 0.0083161 0.0083003 0.0082857 0.0083162 0.0082957 0.0125011 0.0734406 0.0083003 0.0083162 0.0082891 0.0082771 0.0042158 0.0082707 0.0083069 0.0082771 0.0082771 0.0041311 0.0083255 0.0083003 0.0041552 0.0041460 0.0041460 0.0082771 
903836     0.0125533 0.0125887 0.0125151 0.0083349 0.0125151 0.0125250 0.0210515 0.0088789 0.0694509 0.0125151 0.0125432 0.0168063 0.0125250 0.0000000 0.0167414 0.0125843 0.0167859 0.0083349 0.0168063 0.0125533 0.0125250 0.0125887 0.0083350 0.0171135 0.0125250 0.0125533 0.0168063 0.0041404 0.0125533 0.0167927 0.0167859 0.0126275 0.0125533 0.0125250 0.0127983 0.0125842 0.0125604 0.0125381 0.0125843 0.0125533 0.0168157 0.0784588 0.0125604 0.0125843 0.0125432 0.0125250 0.0085074 0.0125151 0.0125704 0.0125250 0.0125250 0.0083349 0.0125989 0.0125604 0.0083840 0.0083651 0.0083651 0.0125250 
903838     0.0124744 0.0125093 0.0124366 0.0082826 0.0124366 0.0124464 0.0209189 0.0088196 0.0690092 0.0124366 0.0124644 0.0167005 0.0124464 0.0167414 0.0000000 0.0125050 0.0125280 0.0082826 0.0167005 0.0124744 0.0124464 0.0125093 0.0167825 0.0170038 0.0124464 0.0124744 0.0167005 0.0125050 0.0124744 0.0166870 0.0166802 0.0125477 0.0124744 0.0124464 0.0127163 0.0125049 0.0124814 0.0124593 0.0125050 0.0083282 0.0167097 0.0779594 0.0124814 0.0125050 0.0124644 0.0124464 0.0084529 0.0124366 0.0124912 0.0124464 0.0124464 0.0082826 0.0125194 0.0124814 0.0083311 0.0083124 0.0083124 0.0124464 
364576     0.0083349 0.0083583 0.0041312 0.0041506 0.0083096 0.0083162 0.0167723 0.0044204 0.0648326 0.0083096 0.0083282 0.0125533 0.0083162 0.0125843 0.0125050 0.0000000 0.0125381 0.0041506 0.0125533 0.0083349 0.0083162 0.0083583 0.0126155 0.0127818 0.0083162 0.0083349 0.0125533 0.0083555 0.0083349 0.0125432 0.0125381 0.0083840 0.0083349 0.0083162 0.0084968 0.0083554 0.0083396 0.0083248 0.0083555 0.0083349 0.0125603 0.0737818 0.0083396 0.0083555 0.0083282 0.0083162 0.0042361 0.0083096 0.0083462 0.0083162 0.0083162 0.0041506 0.0083650 0.0083396 0.0041750 0.0041656 0.0041656 0.0083162 
903839     0.0125072 0.0125424 0.0124693 0.0083043 0.0124693 0.0124792 0.0209745 0.0088442 0.0692010 0.0124693 0.0124972 0.0167447 0.0124792 0.0167859 0.0125280 0.0125381 0.0000000 0.0083043 0.0167447 0.0125072 0.0124792 0.0125424 0.0168272 0.0170496 0.0124792 0.0125072 0.0167447 0.0125381 0.0125072 0.0167312 0.0167244 0.0125809 0.0125072 0.0124792 0.0127504 0.0125379 0.0125143 0.0124921 0.0125381 0.0041447 0.0167540 0.0781777 0.0125143 0.0125381 0.0124972 0.0124792 0.0084755 0.0124693 0.0125242 0.0124792 0.0124792 0.0083043 0.0125525 0.0125143 0.0083530 0.0083343 0.0083343 0.0124792 
903840     0.0041404 0.0041519 0.0041279 0.0000010 0.0041279 0.0041311 0.0124972 0.0000010 0.0601112 0.0041279 0.0041371 0.0083143 0.0041311 0.0083349 0.0082826 0.0041506 0.0083043 0.0000000 0.0083143 0.0041404 0.0041311 0.0041519 0.0083555 0.0084647 0.0041311 0.0041404 0.0083143 0.0041506 0.0041404 0.0083077 0.0083043 0.0041646 0.0041404 0.0041311 0.0042203 0.0041506 0.0041427 0.0041354 0.0041506 0.0041404 0.0083189 0.0689827 0.0041427 0.0041506 0.0041371 0.0041311 0.0000010 0.0041279 0.0041459 0.0041311 0.0041311 0.0000010 0.0041552 0.0041427 0.0000010 0.0000010 0.0000010 0.0041311 
903841     0.0125224 0.0125576 0.0124844 0.0083143 0.0124844 0.0124943 0.0210001 0.0088556 0.0647472 0.0124844 0.0125124 0.0083331 0.0124943 0.0168063 0.0167005 0.0125533 0.0167447 0.0083143 0.0000000 0.0125224 0.0124943 0.0125576 0.0168478 0.0170708 0.0124943 0.0125224 0.0083331 0.0125533 0.0125224 0.0167515 0.0083230 0.0125963 0.0125224 0.0124943 0.0127662 0.0125532 0.0125295 0.0125072 0.0125533 0.0125224 0.0167744 0.0736859 0.0125295 0.0125533 0.0083536 0.0124943 0.0084860 0.0124844 0.0125394 0.0124943 0.0124943 0.0083143 0.0041646 0.0125295 0.0083632 0.0083444 0.0083444 0.0124943 
73508      0.0083143 0.0083376 0.0082892 0.0041404 0.0082892 0.0082957 0.0167312 0.0044088 0.0601740 0.0082892 0.0083077 0.0125224 0.0082957 0.0125533 0.0124744 0.0083349 0.0125072 0.0041404 0.0125224 0.0000000 0.0082957 0.0083376 0.0125843 0.0127498 0.0082957 0.0083143 0.0125224 0.0083349 0.0083143 0.0125124 0.0125072 0.0083632 0.0083143 0.0082957 0.0084755 0.0083348 0.0083190 0.0083043 0.0083349 0.0083143 0.0125293 0.0690548 0.0083190 0.0083349 0.0083077 0.0082957 0.0042255 0.0082892 0.0083255 0.0082957 0.0082957 0.0041404 0.0083443 0.0083190 0.0041646 0.0041553 0.0041553 0.0082957 
363172     0.0082957 0.0083189 0.0082707 0.0041311 0.0082707 0.0082771 0.0166935 0.0043983 0.0645318 0.0082707 0.0082891 0.0124943 0.0082771 0.0125250 0.0124464 0.0083162 0.0124792 0.0041311 0.0124943 0.0082957 0.0000000 0.0083189 0.0125559 0.0127206 0.0082771 0.0082957 0.0124943 0.0083162 0.0082957 0.0124843 0.0124792 0.0083443 0.0082957 0.0082771 0.0084561 0.0083161 0.0083003 0.0082857 0.0083162 0.0082957 0.0125011 0.0734406 0.0083003 0.0083162 0.0082891 0.0082771 0.0042158 0.0082707 0.0083069 0.0082771 0.0082771 0.0041311 0.0083255 0.0083003 0.0041552 0.0041460 0.0041460 0.0082771 
903842     0.0083376 0.0000010 0.0083123 0.0041519 0.0083123 0.0083189 0.0167783 0.0044219 0.0648673 0.0083123 0.0083310 0.0125576 0.0083189 0.0125887 0.0125093 0.0083583 0.0125424 0.0041519 0.0125576 0.0083376 0.0083189 0.0000000 0.0126199 0.0127863 0.0083189 0.0083376 0.0125576 0.0083583 0.0083376 0.0041645 0.0125424 0.0083867 0.0083376 0.0083189 0.0084997 0.0083582 0.0083423 0.0041519 0.0083583 0.0083376 0.0125646 0.0738235 0.0083423 0.0083583 0.0083310 0.0083189 0.0042375 0.0083123 0.0083489 0.0083189 0.0083189 0.0041519 0.0083678 0.0083423 0.0041763 0.0041669 0.0041669 0.0083189 
903844     0.0125843 0.0126199 0.0125459 0.0083555 0.0125459 0.0125559 0.0211032 0.0089023 0.0696154 0.0125459 0.0125742 0.0168478 0.0125559 0.0083350 0.0167825 0.0126155 0.0168272 0.0083555 0.0168478 0.0125843 0.0125559 0.0126199 0.0000000 0.0127923 0.0125559 0.0125843 0.0168478 0.0041507 0.0125843 0.0168341 0.0168272 0.0126589 0.0125843 0.0125559 0.0128305 0.0126154 0.0125914 0.0125690 0.0126155 0.0125843 0.0168572 0.0786432 0.0125914 0.0126155 0.0125742 0.0125559 0.0085289 0.0125459 0.0126015 0.0125559 0.0125559 0.0083555 0.0126301 0.0125914 0.0084049 0.0041656 0.0083859 0.0125559 
903845     0.0127498 0.0127863 0.0127103 0.0084647 0.0127103 0.0127206 0.0213838 0.0090264 0.0661073 0.0127103 0.0127394 0.0170708 0.0127206 0.0171135 0.0170038 0.0127818 0.0170496 0.0084647 0.0170708 0.0127498 0.0127206 0.0127863 0.0127923 0.0000000 0.0127206 0.0127498 0.0170708 0.0127818 0.0127498 0.0170567 0.0170496 0.0128264 0.0084647 0.0127206 0.0130026 0.0127817 0.0127571 0.0127341 0.0127818 0.0127498 0.0170804 0.0752414 0.0127571 0.0127818 0.0127394 0.0127206 0.0086426 0.0084647 0.0127674 0.0127206 0.0127206 0.0084647 0.0127968 0.0127571 0.0085153 0.0042435 0.0084959 0.0127206 
50857      0.0082957 0.0083189 0.0082707 0.0041164 0.0082707 0.0082771 0.0166935 0.0043983 0.0642913 0.0082707 0.0082891 0.0124943 0.0082771 0.0125250 0.0124464 0.0083162 0.0124792 0.0041311 0.0124943 0.0082957 0.0082771 0.0083189 0.0125559 0.0127206 0.0000000 0.0082957 0.0124943 0.0083162 0.0082957 0.0124843 0.0124792 0.0083443 0.0082957 0.0082771 0.0084561 0.0083161 0.0083003 0.0082857 0.0083162 0.0082957 0.0124563 0.0731654 0.0083003 0.0083162 0.0082891 0.0082771 0.0042158 0.0082707 0.0082771 0.0082771 0.0082771 0.0041311 0.0083255 0.0083003 0.0041552 0.0041460 0.0041460 0.0082771 
364714     0.0083143 0.0083376 0.0082892 0.0041404 0.0082892 0.0082957 0.0167312 0.0044088 0.0646794 0.0082892 0.0083077 0.0125224 0.0082957 0.0125533 0.0124744 0.0083349 0.0125072 0.0041404 0.0125224 0.0083143 0.0082957 0.0083376 0.0125843 0.0127498 0.0082957 0.0000000 0.0125224 0.0083349 0.0083143 0.0125124 0.0125072 0.0083632 0.0083143 0.0082957 0.0084755 0.0083348 0.0083190 0.0083043 0.0083349 0.0083143 0.0125293 0.0736087 0.0083190 0.0083349 0.0083077 0.0082957 0.0042255 0.0082892 0.0083255 0.0082957 0.0082957 0.0041404 0.0083443 0.0083190 0.0041646 0.0041553 0.0041553 0.0082957 
903846     0.0125224 0.0125576 0.0124844 0.0083143 0.0124844 0.0124943 0.0210001 0.0088556 0.0647472 0.0124844 0.0125124 0.0083331 0.0124943 0.0168063 0.0167005 0.0125533 0.0167447 0.0083143 0.0083331 0.0125224 0.0124943 0.0125576 0.0168478 0.0170708 0.0124943 0.0125224 0.0000000 0.0125533 0.0041497 0.0167515 0.0083230 0.0041740 0.0125224 0.0124943 0.0127662 0.0125532 0.0125295 0.0125072 0.0125533 0.0125224 0.0167744 0.0736859 0.0125295 0.0125533 0.0083536 0.0124943 0.0084860 0.0124844 0.0125394 0.0124943 0.0124943 0.0083143 0.0041646 0.0125295 0.0083632 0.0083444 0.0083444 0.0124943 
695980     0.0083349 0.0083583 0.0083096 0.0041506 0.0083096 0.0083162 0.0167723 0.0044204 0.0648326 0.0083096 0.0083282 0.0125533 0.0083162 0.0041404 0.0125050 0.0083555 0.0125381 0.0041506 0.0125533 0.0083349 0.0083162 0.0083583 0.0041507 0.0127818 0.0083162 0.0083349 0.0125533 0.0000000 0.0083349 0.0125432 0.0125381 0.0083840 0.0083349 0.0083162 0.0084968 0.0083554 0.0083396 0.0083248 0.0083555 0.0083349 0.0125603 0.0737818 0.0083396 0.0083555 0.0083282 0.0083162 0.0042361 0.0083096 0.0083462 0.0083162 0.0083162 0.0041506 0.0083650 0.0083396 0.0041750 0.0041656 0.0041656 0.0083162 
364589     0.0083143 0.0083376 0.0082892 0.0041404 0.0082892 0.0082957 0.0167312 0.0044088 0.0646794 0.0082892 0.0083077 0.0125224 0.0082957 0.0125533 0.0124744 0.0083349 0.0125072 0.0041404 0.0125224 0.0083143 0.0082957 0.0083376 0.0125843 0.0127498 0.0082957 0.0083143 0.0041497 0.0083349 0.0000000 0.0125124 0.0125072 0.0000010 0.0083143 0.0082957 0.0084755 0.0083348 0.0083190 0.0083043 0.0083349 0.0083143 0.0125293 0.0736087 0.0083190 0.0083349 0.0083077 0.0082957 0.0042255 0.0082892 0.0083255 0.0082957 0.0082957 0.0041404 0.0083443 0.0083190 0.0041646 0.0041553 0.0041553 0.0082957 
903851     0.0125124 0.0041645 0.0124744 0.0083077 0.0124744 0.0124843 0.0209830 0.0088481 0.0649825 0.0124744 0.0125023 0.0167515 0.0124843 0.0167927 0.0166870 0.0125432 0.0167312 0.0083077 0.0167515 0.0125124 0.0124843 0.0041645 0.0168341 0.0170567 0.0124843 0.0125124 0.0167515 0.0125432 0.0125124 0.0000000 0.0167312 0.0125861 0.0125124 0.0124843 0.0127557 0.0125431 0.0125194 0.0124972 0.0125432 0.0125124 0.0167609 0.0739529 0.0125194 0.0125432 0.0125023 0.0124843 0.0084790 0.0124744 0.0125293 0.0124843 0.0124843 0.0083077 0.0125576 0.0125194 0.0083565 0.0083377 0.0083377 0.0124843 
903852     0.0125072 0.0125424 0.0124693 0.0083043 0.0124693 0.0124792 0.0209745 0.0088442 0.0646669 0.0124693 0.0124972 0.0083230 0.0124792 0.0167859 0.0166802 0.0125381 0.0167244 0.0083043 0.0083230 0.0125072 0.0124792 0.0125424 0.0168272 0.0170496 0.0124792 0.0125072 0.0083230 0.0125381 0.0125072 0.0167312 0.0000000 0.0125809 0.0125072 0.0124792 0.0127504 0.0125379 0.0125143 0.0124921 0.0125381 0.0125072 0.0167540 0.0645433 0.0125143 0.0125381 0.0083435 0.0124792 0.0084755 0.0124693 0.0125242 0.0124792 0.0124792 0.0083043 0.0041595 0.0125143 0.0083530 0.0083343 0.0083343 0.0124792 
903853     0.0083632 0.0083867 0.0083377 0.0041646 0.0083377 0.0083443 0.0125708 0.0044363 0.0650722 0.0083377 0.0083565 0.0083632 0.0083443 0.0126275 0.0125477 0.0083840 0.0125809 0.0041646 0.0125963 0.0083632 0.0083443 0.0083867 0.0126589 0.0128264 0.0083443 0.0083632 0.0041740 0.0083840 0.0000010 0.0125861 0.0125809 0.0000000 0.0083632 0.0083443 0.0085263 0.0083839 0.0083679 0.0083530 0.0083840 0.0083632 0.0126033 0.0740574 0.0083679 0.0083840 0.0083565 0.0083443 0.0042507 0.0083377 0.0083745 0.0083443 0.0083443 0.0041646 0.0083935 0.0083679 0.0041646 0.0041797 0.0041797 0.0083443 
903854     0.0083143 0.0083376 0.0082892 0.0041404 0.0082892 0.0082957 0.0167312 0.0044088 0.0646794 0.0082892 0.0083077 0.0125224 0.0082957 0.0125533 0.0124744 0.0083349 0.0125072 0.0041404 0.0125224 0.0083143 0.0082957 0.0083376 0.0125843 0.0084647 0.0082957 0.0083143 0.0125224 0.0083349 0.0083143 0.0125124 0.0125072 0.0083632 0.0000000 0.0082957 0.0084755 0.0083348 0.0083190 0.0083043 0.0083349 0.0083143 0.0125293 0.0736087 0.0083190 0.0083349 0.0083077 0.0082957 0.0042255 0.0082892 0.0083255 0.0082957 0.0082957 0.0041404 0.0083443 0.0083190 0.0041646 0.0041553 0.0041553 0.0082957 
363698     0.0082957 0.0083189 0.0082707 0.0041311 0.0082707 0.0082771 0.0166935 0.0043983 0.0645318 0.0082707 0.0082891 0.0124943 0.0082771 0.0125250 0.0124464 0.0083162 0.0124792 0.0041311 0.0124943 0.0082957 0.0082771 0.0083189 0.0125559 0.0127206 0.0082771 0.0082957 0.0124943 0.0083162 0.0082957 0.0124843 0.0124792 0.0083443 0.0082957 0.0000000 0.0084561 0.0083161 0.0083003 0.0082857 0.0083162 0.0082957 0.0125011 0.0734406 0.0083003 0.0083162 0.0082891 0.0082771 0.0042158 0.0082707 0.0083069 0.0082771 0.0082771 0.0041311 0.0083255 0.0083003 0.0041552 0.0041460 0.0041460 0.0082771 
1150882    0.0084755 0.0084997 0.0084494 0.0042203 0.0084494 0.0084561 0.0170576 0.0044995 0.0659848 0.0084494 0.0084686 0.0127662 0.0084561 0.0127983 0.0127163 0.0084968 0.0127504 0.0042203 0.0127662 0.0084755 0.0084561 0.0084997 0.0128305 0.0130026 0.0084561 0.0084755 0.0127662 0.0084968 0.0084755 0.0127557 0.0127504 0.0085263 0.0084755 0.0084561 0.0000000 0.0084967 0.0084803 0.0084651 0.0084968 0.0084755 0.0127734 0.0751016 0.0084803 0.0084968 0.0084686 0.0084561 0.0042203 0.0084494 0.0084871 0.0084561 0.0084561 0.0042203 0.0085067 0.0084803 0.0042454 0.0042358 0.0042358 0.0084561 
364724     0.0083348 0.0083582 0.0083095 0.0041506 0.0083095 0.0083161 0.0167721 0.0044204 0.0648336 0.0083095 0.0083281 0.0125532 0.0083161 0.0125842 0.0125049 0.0083554 0.0125379 0.0041506 0.0125532 0.0083348 0.0083161 0.0083582 0.0126154 0.0127817 0.0083161 0.0083348 0.0125532 0.0083554 0.0083348 0.0125431 0.0125379 0.0083839 0.0083348 0.0083161 0.0084967 0.0000000 0.0083395 0.0083247 0.0083554 0.0083348 0.0125601 0.0737833 0.0083395 0.0083554 0.0083281 0.0083161 0.0042361 0.0083095 0.0083461 0.0083161 0.0083161 0.0041506 0.0083649 0.0083395 0.0041749 0.0041656 0.0041656 0.0083161 
34357      0.0083190 0.0083123 0.0082938 0.0041427 0.0082938 0.0083003 0.0167406 0.0044114 0.0647179 0.0082938 0.0083123 0.0125295 0.0083003 0.0125604 0.0124814 0.0083396 0.0125143 0.0041427 0.0125295 0.0083190 0.0083003 0.0083423 0.0125914 0.0127571 0.0083003 0.0083190 0.0125295 0.0083396 0.0083190 0.0125194 0.0125143 0.0083679 0.0083190 0.0083003 0.0084803 0.0083395 0.0000000 0.0083089 0.0083396 0.0083190 0.0124912 0.0736530 0.0083236 0.0083396 0.0083123 0.0083003 0.0042279 0.0082938 0.0083003 0.0083003 0.0083003 0.0041427 0.0083190 0.0083236 0.0041669 0.0041576 0.0041576 0.0083003 
363573     0.0083043 0.0083275 0.0082792 0.0041354 0.0082792 0.0082857 0.0167109 0.0044032 0.0645993 0.0082792 0.0082977 0.0125072 0.0082857 0.0125381 0.0124593 0.0083248 0.0124921 0.0041354 0.0125072 0.0083043 0.0082857 0.0041519 0.0125690 0.0127341 0.0082857 0.0083043 0.0125072 0.0083248 0.0083043 0.0124972 0.0124921 0.0083530 0.0083043 0.0082857 0.0084651 0.0083247 0.0083089 0.0000000 0.0083248 0.0083043 0.0125141 0.0735174 0.0083089 0.0083248 0.0082977 0.0082857 0.0042203 0.0082792 0.0083155 0.0082857 0.0082857 0.0041354 0.0083342 0.0083089 0.0041595 0.0041503 0.0041503 0.0082857 
363701     0.0083349 0.0083583 0.0083096 0.0041506 0.0083096 0.0083162 0.0167723 0.0044204 0.0648326 0.0083096 0.0083282 0.0125533 0.0083162 0.0125843 0.0125050 0.0083555 0.0125381 0.0041506 0.0125533 0.0083349 0.0083162 0.0083583 0.0126155 0.0127818 0.0083162 0.0083349 0.0125533 0.0083555 0.0083349 0.0125432 0.0125381 0.0083840 0.0083349 0.0083162 0.0084968 0.0083554 0.0083396 0.0083248 0.0000000 0.0083349 0.0125603 0.0737818 0.0083396 0.0083555 0.0083282 0.0083162 0.0042361 0.0083096 0.0083462 0.0083162 0.0083162 0.0041506 0.0083650 0.0083396 0.0041750 0.0041656 0.0041656 0.0083162 
363703     0.0083143 0.0083376 0.0082892 0.0041404 0.0082892 0.0082957 0.0167312 0.0044088 0.0646794 0.0082892 0.0083077 0.0125224 0.0082957 0.0125533 0.0083282 0.0083349 0.0041447 0.0041404 0.0125224 0.0083143 0.0082957 0.0083376 0.0125843 0.0127498 0.0082957 0.0083143 0.0125224 0.0083349 0.0083143 0.0125124 0.0125072 0.0083632 0.0083143 0.0082957 0.0084755 0.0083348 0.0083190 0.0083043 0.0083349 0.0000000 0.0125293 0.0736087 0.0083190 0.0083349 0.0083077 0.0082957 0.0042255 0.0082892 0.0083255 0.0082957 0.0082957 0.0041404 0.0083443 0.0083190 0.0041646 0.0041553 0.0041553 0.0082957 
823222     0.0125293 0.0125193 0.0124912 0.0082891 0.0124912 0.0125011 0.0210118 0.0088608 0.0690695 0.0124912 0.0125193 0.0167744 0.0125011 0.0168157 0.0167097 0.0125603 0.0167540 0.0083189 0.0167744 0.0125293 0.0125011 0.0125646 0.0168572 0.0170804 0.0124563 0.0125293 0.0167744 0.0125603 0.0125293 0.0167609 0.0167540 0.0126033 0.0125293 0.0125011 0.0127734 0.0125601 0.0124912 0.0125141 0.0125603 0.0125293 0.0000000 0.0780284 0.0125364 0.0125603 0.0125193 0.0125011 0.0084907 0.0124912 0.0041278 0.0125011 0.0125011 0.0083189 0.0125293 0.0125364 0.0083678 0.0083490 0.0083490 0.0125011 
53434      0.0736087 0.0738235 0.0733762 0.0687249 0.0733762 0.0734406 0.0828066 0.0736375 0.0081268 0.0644511 0.0735455 0.0736859 0.0734406 0.0784588 0.0779594 0.0737818 0.0781777 0.0689827 0.0736859 0.0690548 0.0734406 0.0738235 0.0786432 0.0752414 0.0731654 0.0736087 0.0736859 0.0737818 0.0736087 0.0739529 0.0645433 0.0740574 0.0736087 0.0734406 0.0751016 0.0737833 0.0736530 0.0735174 0.0737818 0.0736087 0.0780284 0.0000000 0.0736530 0.0737818 0.0693049 0.0734406 0.0704642 0.0733762 0.0734406 0.0734406 0.0734406 0.0689827 0.0693152 0.0736530 0.0694015 0.0692412 0.0692412 0.0734406 
529468     0.0083190 0.0083423 0.0082938 0.0041427 0.0082938 0.0083003 0.0125194 0.0044114 0.0647179 0.0082938 0.0083123 0.0125295 0.0083003 0.0125604 0.0124814 0.0083396 0.0125143 0.0041427 0.0125295 0.0083190 0.0083003 0.0083423 0.0125914 0.0127571 0.0083003 0.0083190 0.0125295 0.0083396 0.0083190 0.0125194 0.0125143 0.0083679 0.0083190 0.0083003 0.0084803 0.0083395 0.0083236 0.0083089 0.0083396 0.0083190 0.0125364 0.0736530 0.0000000 0.0083396 0.0083123 0.0083003 0.0042279 0.0082938 0.0083302 0.0083003 0.0083003 0.0041427 0.0083490 0.0082938 0.0041669 0.0041576 0.0041576 0.0083003 
363581     0.0083349 0.0083583 0.0083096 0.0041506 0.0041312 0.0083162 0.0167723 0.0044204 0.0648326 0.0083096 0.0083282 0.0125533 0.0083162 0.0125843 0.0125050 0.0083555 0.0125381 0.0041506 0.0125533 0.0083349 0.0083162 0.0083583 0.0126155 0.0127818 0.0083162 0.0083349 0.0125533 0.0083555 0.0083349 0.0125432 0.0125381 0.0083840 0.0083349 0.0083162 0.0084968 0.0083554 0.0083396 0.0083248 0.0083555 0.0083349 0.0125603 0.0737818 0.0083396 0.0000000 0.0083282 0.0083162 0.0042361 0.0083096 0.0083462 0.0083162 0.0083162 0.0041506 0.0083650 0.0083396 0.0041750 0.0041656 0.0041656 0.0083162 
363583     0.0083077 0.0083310 0.0082826 0.0041371 0.0082826 0.0082891 0.0167177 0.0044051 0.0603926 0.0082826 0.0083011 0.0083536 0.0082891 0.0125432 0.0124644 0.0083282 0.0124972 0.0041371 0.0083536 0.0083077 0.0082891 0.0083310 0.0125742 0.0127394 0.0082891 0.0083077 0.0083536 0.0083282 0.0083077 0.0125023 0.0083435 0.0083565 0.0083077 0.0082891 0.0084686 0.0083281 0.0083123 0.0082977 0.0083282 0.0083077 0.0125193 0.0693049 0.0083123 0.0083282 0.0000000 0.0082891 0.0042220 0.0082826 0.0083189 0.0082891 0.0082891 0.0041371 0.0041749 0.0083123 0.0041613 0.0041520 0.0041520 0.0082891 
363585     0.0082957 0.0083189 0.0082707 0.0041311 0.0082707 0.0082771 0.0166935 0.0043983 0.0645318 0.0082707 0.0082891 0.0124943 0.0082771 0.0125250 0.0124464 0.0083162 0.0124792 0.0041311 0.0124943 0.0082957 0.0082771 0.0083189 0.0125559 0.0127206 0.0082771 0.0082957 0.0124943 0.0083162 0.0082957 0.0124843 0.0124792 0.0083443 0.0082957 0.0082771 0.0084561 0.0083161 0.0083003 0.0082857 0.0083162 0.0082957 0.0125011 0.0734406 0.0083003 0.0083162 0.0082891 0.0000000 0.0042158 0.0082707 0.0083069 0.0082771 0.0082771 0.0041311 0.0083255 0.0083003 0.0041552 0.0041460 0.0041460 0.0082771 
1150883    0.0042255 0.0042375 0.0042125 0.0000010 0.0042125 0.0042158 0.0127557 0.0000010 0.0613961 0.0042125 0.0042220 0.0084860 0.0042158 0.0085074 0.0084529 0.0042361 0.0084755 0.0000010 0.0084860 0.0042255 0.0042158 0.0042375 0.0085289 0.0086426 0.0042158 0.0042255 0.0084860 0.0042361 0.0042255 0.0084790 0.0084755 0.0042507 0.0042255 0.0042158 0.0042203 0.0042361 0.0042279 0.0042203 0.0042361 0.0042255 0.0084907 0.0704642 0.0042279 0.0042361 0.0042220 0.0042158 0.0000000 0.0042125 0.0042312 0.0042158 0.0042158 0.0000010 0.0042409 0.0042279 0.0000010 0.0000010 0.0000010 0.0042158 
363590     0.0082892 0.0083123 0.0082642 0.0041279 0.0082642 0.0082707 0.0166802 0.0043947 0.0644760 0.0082642 0.0082826 0.0124844 0.0082707 0.0125151 0.0124366 0.0083096 0.0124693 0.0041279 0.0124844 0.0082892 0.0082707 0.0083123 0.0125459 0.0084647 0.0082707 0.0082892 0.0124844 0.0083096 0.0082892 0.0124744 0.0124693 0.0083377 0.0082892 0.0082707 0.0084494 0.0083095 0.0082938 0.0082792 0.0083096 0.0082892 0.0124912 0.0733762 0.0082938 0.0083096 0.0082826 0.0082707 0.0042125 0.0000000 0.0083003 0.0082707 0.0082707 0.0041279 0.0083190 0.0082938 0.0041520 0.0041427 0.0041427 0.0082707 
33881      0.0083255 0.0083189 0.0083003 0.0041311 0.0083003 0.0083069 0.0167540 0.0044151 0.0645318 0.0083003 0.0083189 0.0125394 0.0083069 0.0125704 0.0124912 0.0083462 0.0125242 0.0041459 0.0125394 0.0083255 0.0083069 0.0083489 0.0126015 0.0127674 0.0082771 0.0083255 0.0125394 0.0083462 0.0083255 0.0125293 0.0125242 0.0083745 0.0083255 0.0083069 0.0084871 0.0083461 0.0083003 0.0083155 0.0083462 0.0083255 0.0041278 0.0734406 0.0083302 0.0083462 0.0083189 0.0083069 0.0042312 0.0083003 0.0000000 0.0083069 0.0083069 0.0041459 0.0083255 0.0083302 0.0041702 0.0041609 0.0041609 0.0083069 
363106     0.0082957 0.0083189 0.0082707 0.0041311 0.0082707 0.0082771 0.0166935 0.0043983 0.0645318 0.0082707 0.0082891 0.0124943 0.0082771 0.0125250 0.0124464 0.0083162 0.0124792 0.0041311 0.0124943 0.0082957 0.0082771 0.0083189 0.0125559 0.0127206 0.0082771 0.0082957 0.0124943 0.0083162 0.0082957 0.0124843 0.0124792 0.0083443 0.0082957 0.0082771 0.0084561 0.0083161 0.0083003 0.0082857 0.0083162 0.0082957 0.0125011 0.0734406 0.0083003 0.0083162 0.0082891 0.0082771 0.0042158 0.0082707 0.0083069 0.0000000 0.0082771 0.0041311 0.0083255 0.0083003 0.0041552 0.0041460 0.0041460 0.0082771 
363624     0.0082957 0.0083189 0.0082707 0.0041311 0.0082707 0.0082771 0.0166935 0.0043983 0.0645318 0.0082707 0.0082891 0.0124943 0.0082771 0.0125250 0.0124464 0.0083162 0.0124792 0.0041311 0.0124943 0.0082957 0.0082771 0.0083189 0.0125559 0.0127206 0.0082771 0.0082957 0.0124943 0.0083162 0.0082957 0.0124843 0.0124792 0.0083443 0.0082957 0.0082771 0.0084561 0.0083161 0.0083003 0.0082857 0.0083162 0.0082957 0.0125011 0.0734406 0.0083003 0.0083162 0.0082891 0.0082771 0.0042158 0.0082707 0.0083069 0.0082771 0.0000000 0.0041311 0.0083255 0.0083003 0.0041552 0.0041460 0.0041460 0.0082771 
22385      0.0041404 0.0041519 0.0041279 0.0000010 0.0041279 0.0041311 0.0124972 0.0000010 0.0601112 0.0041279 0.0041371 0.0083143 0.0041311 0.0083349 0.0082826 0.0041506 0.0083043 0.0000010 0.0083143 0.0041404 0.0041311 0.0041519 0.0083555 0.0084647 0.0041311 0.0041404 0.0083143 0.0041506 0.0041404 0.0083077 0.0083043 0.0041646 0.0041404 0.0041311 0.0042203 0.0041506 0.0041427 0.0041354 0.0041506 0.0041404 0.0083189 0.0689827 0.0041427 0.0041506 0.0041371 0.0041311 0.0000010 0.0041279 0.0041459 0.0041311 0.0041311 0.0000000 0.0041552 0.0041427 0.0000010 0.0000010 0.0000010 0.0041311 
35445      0.0083443 0.0083376 0.0083190 0.0041552 0.0083190 0.0083255 0.0167919 0.0044257 0.0603997 0.0083190 0.0083376 0.0041646 0.0083255 0.0125989 0.0125194 0.0083650 0.0125525 0.0041552 0.0041646 0.0083443 0.0083255 0.0083678 0.0126301 0.0127968 0.0083255 0.0083443 0.0041646 0.0083650 0.0083443 0.0125576 0.0041595 0.0083935 0.0083443 0.0083255 0.0085067 0.0083649 0.0083190 0.0083342 0.0083650 0.0083443 0.0125293 0.0693152 0.0083490 0.0083650 0.0041749 0.0083255 0.0042409 0.0083190 0.0083255 0.0083255 0.0083255 0.0041552 0.0000000 0.0083490 0.0041796 0.0041703 0.0041703 0.0083255 
364534     0.0083190 0.0083423 0.0082938 0.0041427 0.0082938 0.0083003 0.0125194 0.0044114 0.0647179 0.0082938 0.0083123 0.0125295 0.0083003 0.0125604 0.0124814 0.0083396 0.0125143 0.0041427 0.0125295 0.0083190 0.0083003 0.0083423 0.0125914 0.0127571 0.0083003 0.0083190 0.0125295 0.0083396 0.0083190 0.0125194 0.0125143 0.0083679 0.0083190 0.0083003 0.0084803 0.0083395 0.0083236 0.0083089 0.0083396 0.0083190 0.0125364 0.0736530 0.0082938 0.0083396 0.0083123 0.0083003 0.0042279 0.0082938 0.0083302 0.0083003 0.0083003 0.0041427 0.0083490 0.0000000 0.0041669 0.0041576 0.0041576 0.0083003 
907383     0.0041646 0.0041763 0.0041520 0.0000010 0.0041520 0.0041552 0.0083463 0.0000010 0.0604747 0.0041520 0.0041613 0.0041646 0.0041552 0.0083840 0.0083311 0.0041750 0.0083530 0.0000010 0.0083632 0.0041646 0.0041552 0.0041763 0.0084049 0.0085153 0.0041552 0.0041646 0.0083632 0.0041750 0.0041646 0.0083565 0.0083530 0.0041646 0.0041646 0.0041552 0.0042454 0.0041749 0.0041669 0.0041595 0.0041750 0.0041646 0.0083678 0.0694015 0.0041669 0.0041750 0.0041613 0.0041552 0.0000010 0.0041520 0.0041702 0.0041552 0.0041552 0.0000010 0.0041796 0.0041669 0.0000000 0.0000010 0.0000010 0.0041552 
483064     0.0041553 0.0041669 0.0041427 0.0000010 0.0041427 0.0041460 0.0125425 0.0000010 0.0603355 0.0041427 0.0041520 0.0083444 0.0041460 0.0083651 0.0083124 0.0041656 0.0083343 0.0000010 0.0083444 0.0041553 0.0041460 0.0041669 0.0041656 0.0042435 0.0041460 0.0041553 0.0083444 0.0041656 0.0041553 0.0083377 0.0083343 0.0041797 0.0041553 0.0041460 0.0042358 0.0041656 0.0041576 0.0041503 0.0041656 0.0041553 0.0083490 0.0692412 0.0041576 0.0041656 0.0041520 0.0041460 0.0000010 0.0041427 0.0041609 0.0041460 0.0041460 0.0000010 0.0041703 0.0041576 0.0000010 0.0000000 0.0000010 0.0041460 
1150880    0.0041553 0.0041669 0.0041427 0.0000010 0.0041427 0.0041460 0.0125425 0.0000010 0.0603355 0.0041427 0.0041520 0.0083444 0.0041460 0.0083651 0.0083124 0.0041656 0.0083343 0.0000010 0.0083444 0.0041553 0.0041460 0.0041669 0.0083859 0.0084959 0.0041460 0.0041553 0.0083444 0.0041656 0.0041553 0.0083377 0.0083343 0.0041797 0.0041553 0.0041460 0.0042358 0.0041656 0.0041576 0.0041503 0.0041656 0.0041553 0.0083490 0.0692412 0.0041576 0.0041656 0.0041520 0.0041460 0.0000010 0.0041427 0.0041609 0.0041460 0.0041460 0.0000010 0.0041703 0.0041576 0.0000010 0.0000010 0.0000000 0.0041460 
363646     0.0082957 0.0083189 0.0082707 0.0041311 0.0082707 0.0082771 0.0166935 0.0043983 0.0645318 0.0082707 0.0082891 0.0124943 0.0082771 0.0125250 0.0124464 0.0083162 0.0124792 0.0041311 0.0124943 0.0082957 0.0082771 0.0083189 0.0125559 0.0127206 0.0082771 0.0082957 0.0124943 0.0083162 0.0082957 0.0124843 0.0124792 0.0083443 0.0082957 0.0082771 0.0084561 0.0083161 0.0083003 0.0082857 0.0083162 0.0082957 0.0125011 0.0734406 0.0083003 0.0083162 0.0082891 0.0082771 0.0042158 0.0082707 0.0083069 0.0082771 0.0082771 0.0041311 0.0083255 0.0083003 0.0041552 0.0041460 0.0041460 0.0000000 
